HrVal;timestamps;;EEG1_theta;EEG1_alpha;EEG1_beta;EEG1_gamma;EEG2_theta;EEG2_alpha;EEG2_beta;EEG2_gamma;EEG3_theta;EEG3_alpha;EEG3_beta;EEG3_gamma;EEG4_theta;EEG4_alpha;EEG4_beta;EEG4_gamma;EEG5_theta;EEG5_alpha;EEG5_beta;EEG5_gamma;EEG6_theta;EEG6_alpha;EEG6_beta;EEG6_gamma;EEG7_theta;EEG7_alpha;EEG7_beta;EEG7_gamma;EEG8_theta;EEG8_alpha;EEG8_beta;EEG8_gamma;trigger;
0;0;;0.0;0.0;0.0;0.0;0.0;0.0;0.0;0.0;0.0;0.0;0.0;0.0;0.0;0.0;0.0;0.0;0.0;0.0;0.0;0.0;0.0;0.0;0.0;0.0;0.0;0.0;0.0;0.0;0.0;0.0;0.0;0.0;
0;0;;0.0;0.0;0.0;0.0;0.0;0.0;0.0;0.0;0.0;0.0;0.0;0.0;0.0;0.0;0.0;0.0;0.0;0.0;0.0;0.0;0.0;0.0;0.0;0.0;0.0;0.0;0.0;0.0;0.0;0.0;0.0;0.0;
0;0;;0.0;0.0;0.0;0.0;0.0;0.0;0.0;0.0;0.0;0.0;0.0;0.0;0.0;0.0;0.0;0.0;0.0;0.0;0.0;0.0;0.0;0.0;0.0;0.0;0.0;0.0;0.0;0.0;0.0;0.0;0.0;0.0;
0;0;;0.0;0.0;0.0;0.0;0.0;0.0;0.0;0.0;0.0;0.0;0.0;0.0;0.0;0.0;0.0;0.0;0.0;0.0;0.0;0.0;0.0;0.0;0.0;0.0;0.0;0.0;0.0;0.0;0.0;0.0;0.0;0.0;
0;0;;0.0;0.0;0.0;0.0;0.0;0.0;0.0;0.0;0.0;0.0;0.0;0.0;0.0;0.0;0.0;0.0;0.0;0.0;0.0;0.0;0.0;0.0;0.0;0.0;0.0;0.0;0.0;0.0;0.0;0.0;0.0;0.0;
0;0;;0.0;0.0;0.0;0.0;0.0;0.0;0.0;0.0;0.0;0.0;0.0;0.0;0.0;0.0;0.0;0.0;0.0;0.0;0.0;0.0;0.0;0.0;0.0;0.0;0.0;0.0;0.0;0.0;0.0;0.0;0.0;0.0;
0;0;;0.0;0.0;0.0;0.0;0.0;0.0;0.0;0.0;0.0;0.0;0.0;0.0;0.0;0.0;0.0;0.0;0.0;0.0;0.0;0.0;0.0;0.0;0.0;0.0;0.0;0.0;0.0;0.0;0.0;0.0;0.0;0.0;
0;0;;0.0;0.0;0.0;0.0;0.0;0.0;0.0;0.0;0.0;0.0;0.0;0.0;0.0;0.0;0.0;0.0;0.0;0.0;0.0;0.0;0.0;0.0;0.0;0.0;0.0;0.0;0.0;0.0;0.0;0.0;0.0;0.0;
0;0;;0.0;0.0;0.0;0.0;0.0;0.0;0.0;0.0;0.0;0.0;0.0;0.0;0.0;0.0;0.0;0.0;0.0;0.0;0.0;0.0;0.0;0.0;0.0;0.0;0.0;0.0;0.0;0.0;0.0;0.0;0.0;0.0;
0;0;;0.0;0.0;0.0;0.0;0.0;0.0;0.0;0.0;0.0;0.0;0.0;0.0;0.0;0.0;0.0;0.0;0.0;0.0;0.0;0.0;0.0;0.0;0.0;0.0;0.0;0.0;0.0;0.0;0.0;0.0;0.0;0.0;
0;0;;0.0;0.0;0.0;0.0;0.0;0.0;0.0;0.0;0.0;0.0;0.0;0.0;0.0;0.0;0.0;0.0;0.0;0.0;0.0;0.0;0.0;0.0;0.0;0.0;0.0;0.0;0.0;0.0;0.0;0.0;0.0;0.0;
0;0;;0.0;0.0;0.0;0.0;0.0;0.0;0.0;0.0;0.0;0.0;0.0;0.0;0.0;0.0;0.0;0.0;0.0;0.0;0.0;0.0;0.0;0.0;0.0;0.0;0.0;0.0;0.0;0.0;0.0;0.0;0.0;0.0;
0;0;;0.0;0.0;0.0;0.0;0.0;0.0;0.0;0.0;0.0;0.0;0.0;0.0;0.0;0.0;0.0;0.0;0.0;0.0;0.0;0.0;0.0;0.0;0.0;0.0;0.0;0.0;0.0;0.0;0.0;0.0;0.0;0.0;
0;0;;0.0;0.0;0.0;0.0;0.0;0.0;0.0;0.0;0.0;0.0;0.0;0.0;0.0;0.0;0.0;0.0;0.0;0.0;0.0;0.0;0.0;0.0;0.0;0.0;0.0;0.0;0.0;0.0;0.0;0.0;0.0;0.0;
0;0;;0.0;0.0;0.0;0.0;0.0;0.0;0.0;0.0;0.0;0.0;0.0;0.0;0.0;0.0;0.0;0.0;0.0;0.0;0.0;0.0;0.0;0.0;0.0;0.0;0.0;0.0;0.0;0.0;0.0;0.0;0.0;0.0;
0;0;;0.0;0.0;0.0;0.0;0.0;0.0;0.0;0.0;0.0;0.0;0.0;0.0;0.0;0.0;0.0;0.0;0.0;0.0;0.0;0.0;0.0;0.0;0.0;0.0;0.0;0.0;0.0;0.0;0.0;0.0;0.0;0.0;
0;0;;0.0;0.0;0.0;0.0;0.0;0.0;0.0;0.0;0.0;0.0;0.0;0.0;0.0;0.0;0.0;0.0;0.0;0.0;0.0;0.0;0.0;0.0;0.0;0.0;0.0;0.0;0.0;0.0;0.0;0.0;0.0;0.0;
0;0;;0.0;0.0;0.0;0.0;0.0;0.0;0.0;0.0;0.0;0.0;0.0;0.0;0.0;0.0;0.0;0.0;0.0;0.0;0.0;0.0;0.0;0.0;0.0;0.0;0.0;0.0;0.0;0.0;0.0;0.0;0.0;0.0;
0;0;;0.0;0.0;0.0;0.0;0.0;0.0;0.0;0.0;0.0;0.0;0.0;0.0;0.0;0.0;0.0;0.0;0.0;0.0;0.0;0.0;0.0;0.0;0.0;0.0;0.0;0.0;0.0;0.0;0.0;0.0;0.0;0.0;
0;0;;0.0;0.0;0.0;0.0;0.0;0.0;0.0;0.0;0.0;0.0;0.0;0.0;0.0;0.0;0.0;0.0;0.0;0.0;0.0;0.0;0.0;0.0;0.0;0.0;0.0;0.0;0.0;0.0;0.0;0.0;0.0;0.0;
0;0;;0.0;0.0;0.0;0.0;0.0;0.0;0.0;0.0;0.0;0.0;0.0;0.0;0.0;0.0;0.0;0.0;0.0;0.0;0.0;0.0;0.0;0.0;0.0;0.0;0.0;0.0;0.0;0.0;0.0;0.0;0.0;0.0;
0;0;;0.0;0.0;0.0;0.0;0.0;0.0;0.0;0.0;0.0;0.0;0.0;0.0;0.0;0.0;0.0;0.0;0.0;0.0;0.0;0.0;0.0;0.0;0.0;0.0;0.0;0.0;0.0;0.0;0.0;0.0;0.0;0.0;
0;0;;0.0;0.0;0.0;0.0;0.0;0.0;0.0;0.0;0.0;0.0;0.0;0.0;0.0;0.0;0.0;0.0;0.0;0.0;0.0;0.0;0.0;0.0;0.0;0.0;0.0;0.0;0.0;0.0;0.0;0.0;0.0;0.0;
0;0;;0.0;0.0;0.0;0.0;0.0;0.0;0.0;0.0;0.0;0.0;0.0;0.0;0.0;0.0;0.0;0.0;0.0;0.0;0.0;0.0;0.0;0.0;0.0;0.0;0.0;0.0;0.0;0.0;0.0;0.0;0.0;0.0;
0;0;;0.0;0.0;0.0;0.0;0.0;0.0;0.0;0.0;0.0;0.0;0.0;0.0;0.0;0.0;0.0;0.0;0.0;0.0;0.0;0.0;0.0;0.0;0.0;0.0;0.0;0.0;0.0;0.0;0.0;0.0;0.0;0.0;
0;0;;0.0;0.0;0.0;0.0;0.0;0.0;0.0;0.0;0.0;0.0;0.0;0.0;0.0;0.0;0.0;0.0;0.0;0.0;0.0;0.0;0.0;0.0;0.0;0.0;0.0;0.0;0.0;0.0;0.0;0.0;0.0;0.0;
0;0;;0.0;0.0;0.0;0.0;0.0;0.0;0.0;0.0;0.0;0.0;0.0;0.0;0.0;0.0;0.0;0.0;0.0;0.0;0.0;0.0;0.0;0.0;0.0;0.0;0.0;0.0;0.0;0.0;0.0;0.0;0.0;0.0;
0;0;;0.0;0.0;0.0;0.0;0.0;0.0;0.0;0.0;0.0;0.0;0.0;0.0;0.0;0.0;0.0;0.0;0.0;0.0;0.0;0.0;0.0;0.0;0.0;0.0;0.0;0.0;0.0;0.0;0.0;0.0;0.0;0.0;
0;0;;0.0;0.0;0.0;0.0;0.0;0.0;0.0;0.0;0.0;0.0;0.0;0.0;0.0;0.0;0.0;0.0;0.0;0.0;0.0;0.0;0.0;0.0;0.0;0.0;0.0;0.0;0.0;0.0;0.0;0.0;0.0;0.0;
0;0;;0.0;0.0;0.0;0.0;0.0;0.0;0.0;0.0;0.0;0.0;0.0;0.0;0.0;0.0;0.0;0.0;0.0;0.0;0.0;0.0;0.0;0.0;0.0;0.0;0.0;0.0;0.0;0.0;0.0;0.0;0.0;0.0;
0;0;;0.0;0.0;0.0;0.0;0.0;0.0;0.0;0.0;0.0;0.0;0.0;0.0;0.0;0.0;0.0;0.0;0.0;0.0;0.0;0.0;0.0;0.0;0.0;0.0;0.0;0.0;0.0;0.0;0.0;0.0;0.0;0.0;
0;0;;0.0;0.0;0.0;0.0;0.0;0.0;0.0;0.0;0.0;0.0;0.0;0.0;0.0;0.0;0.0;0.0;0.0;0.0;0.0;0.0;0.0;0.0;0.0;0.0;0.0;0.0;0.0;0.0;0.0;0.0;0.0;0.0;
0;0;;0.0;0.0;0.0;0.0;0.0;0.0;0.0;0.0;0.0;0.0;0.0;0.0;0.0;0.0;0.0;0.0;0.0;0.0;0.0;0.0;0.0;0.0;0.0;0.0;0.0;0.0;0.0;0.0;0.0;0.0;0.0;0.0;
0;0;;0.0;0.0;0.0;0.0;0.0;0.0;0.0;0.0;0.0;0.0;0.0;0.0;0.0;0.0;0.0;0.0;0.0;0.0;0.0;0.0;0.0;0.0;0.0;0.0;0.0;0.0;0.0;0.0;0.0;0.0;0.0;0.0;
0;0;;0.0;0.0;0.0;0.0;0.0;0.0;0.0;0.0;0.0;0.0;0.0;0.0;0.0;0.0;0.0;0.0;0.0;0.0;0.0;0.0;0.0;0.0;0.0;0.0;0.0;0.0;0.0;0.0;0.0;0.0;0.0;0.0;
0;0;;0.0;0.0;0.0;0.0;0.0;0.0;0.0;0.0;0.0;0.0;0.0;0.0;0.0;0.0;0.0;0.0;0.0;0.0;0.0;0.0;0.0;0.0;0.0;0.0;0.0;0.0;0.0;0.0;0.0;0.0;0.0;0.0;
0;0;;0.0;0.0;0.0;0.0;0.0;0.0;0.0;0.0;0.0;0.0;0.0;0.0;0.0;0.0;0.0;0.0;0.0;0.0;0.0;0.0;0.0;0.0;0.0;0.0;0.0;0.0;0.0;0.0;0.0;0.0;0.0;0.0;
0;0;;0.0;0.0;0.0;0.0;0.0;0.0;0.0;0.0;0.0;0.0;0.0;0.0;0.0;0.0;0.0;0.0;0.0;0.0;0.0;0.0;0.0;0.0;0.0;0.0;0.0;0.0;0.0;0.0;0.0;0.0;0.0;0.0;
0;0;;0.0;0.0;0.0;0.0;0.0;0.0;0.0;0.0;0.0;0.0;0.0;0.0;0.0;0.0;0.0;0.0;0.0;0.0;0.0;0.0;0.0;0.0;0.0;0.0;0.0;0.0;0.0;0.0;0.0;0.0;0.0;0.0;
0;0;;0.0;0.0;0.0;0.0;0.0;0.0;0.0;0.0;0.0;0.0;0.0;0.0;0.0;0.0;0.0;0.0;0.0;0.0;0.0;0.0;0.0;0.0;0.0;0.0;0.0;0.0;0.0;0.0;0.0;0.0;0.0;0.0;
0;0;;0.0;0.0;0.0;0.0;0.0;0.0;0.0;0.0;0.0;0.0;0.0;0.0;0.0;0.0;0.0;0.0;0.0;0.0;0.0;0.0;0.0;0.0;0.0;0.0;0.0;0.0;0.0;0.0;0.0;0.0;0.0;0.0;
0;0;;0.0;0.0;0.0;0.0;0.0;0.0;0.0;0.0;0.0;0.0;0.0;0.0;0.0;0.0;0.0;0.0;0.0;0.0;0.0;0.0;0.0;0.0;0.0;0.0;0.0;0.0;0.0;0.0;0.0;0.0;0.0;0.0;
0;0;;0.0;0.0;0.0;0.0;0.0;0.0;0.0;0.0;0.0;0.0;0.0;0.0;0.0;0.0;0.0;0.0;0.0;0.0;0.0;0.0;0.0;0.0;0.0;0.0;0.0;0.0;0.0;0.0;0.0;0.0;0.0;0.0;
0;0;;0.0;0.0;0.0;0.0;0.0;0.0;0.0;0.0;0.0;0.0;0.0;0.0;0.0;0.0;0.0;0.0;0.0;0.0;0.0;0.0;0.0;0.0;0.0;0.0;0.0;0.0;0.0;0.0;0.0;0.0;0.0;0.0;
0;0;;0.0;0.0;0.0;0.0;0.0;0.0;0.0;0.0;0.0;0.0;0.0;0.0;0.0;0.0;0.0;0.0;0.0;0.0;0.0;0.0;0.0;0.0;0.0;0.0;0.0;0.0;0.0;0.0;0.0;0.0;0.0;0.0;
0;0;;0.0;0.0;0.0;0.0;0.0;0.0;0.0;0.0;0.0;0.0;0.0;0.0;0.0;0.0;0.0;0.0;0.0;0.0;0.0;0.0;0.0;0.0;0.0;0.0;0.0;0.0;0.0;0.0;0.0;0.0;0.0;0.0;
0;0;;0.0;0.0;0.0;0.0;0.0;0.0;0.0;0.0;0.0;0.0;0.0;0.0;0.0;0.0;0.0;0.0;0.0;0.0;0.0;0.0;0.0;0.0;0.0;0.0;0.0;0.0;0.0;0.0;0.0;0.0;0.0;0.0;
0;0;;0.0;0.0;0.0;0.0;0.0;0.0;0.0;0.0;0.0;0.0;0.0;0.0;0.0;0.0;0.0;0.0;0.0;0.0;0.0;0.0;0.0;0.0;0.0;0.0;0.0;0.0;0.0;0.0;0.0;0.0;0.0;0.0;
0;0;;0.0;0.0;0.0;0.0;0.0;0.0;0.0;0.0;0.0;0.0;0.0;0.0;0.0;0.0;0.0;0.0;0.0;0.0;0.0;0.0;0.0;0.0;0.0;0.0;0.0;0.0;0.0;0.0;0.0;0.0;0.0;0.0;
0;0;;0.0;0.0;0.0;0.0;0.0;0.0;0.0;0.0;0.0;0.0;0.0;0.0;0.0;0.0;0.0;0.0;0.0;0.0;0.0;0.0;0.0;0.0;0.0;0.0;0.0;0.0;0.0;0.0;0.0;0.0;0.0;0.0;
0;0;;0.0;0.0;0.0;0.0;0.0;0.0;0.0;0.0;0.0;0.0;0.0;0.0;0.0;0.0;0.0;0.0;0.0;0.0;0.0;0.0;0.0;0.0;0.0;0.0;0.0;0.0;0.0;0.0;0.0;0.0;0.0;0.0;
0;0;;0.0;0.0;0.0;0.0;0.0;0.0;0.0;0.0;0.0;0.0;0.0;0.0;0.0;0.0;0.0;0.0;0.0;0.0;0.0;0.0;0.0;0.0;0.0;0.0;0.0;0.0;0.0;0.0;0.0;0.0;0.0;0.0;
0;0;;0.0;0.0;0.0;0.0;0.0;0.0;0.0;0.0;0.0;0.0;0.0;0.0;0.0;0.0;0.0;0.0;0.0;0.0;0.0;0.0;0.0;0.0;0.0;0.0;0.0;0.0;0.0;0.0;0.0;0.0;0.0;0.0;
0;0;;0.0;0.0;0.0;0.0;0.0;0.0;0.0;0.0;0.0;0.0;0.0;0.0;0.0;0.0;0.0;0.0;0.0;0.0;0.0;0.0;0.0;0.0;0.0;0.0;0.0;0.0;0.0;0.0;0.0;0.0;0.0;0.0;
0;0;;0.0;0.0;0.0;0.0;0.0;0.0;0.0;0.0;0.0;0.0;0.0;0.0;0.0;0.0;0.0;0.0;0.0;0.0;0.0;0.0;0.0;0.0;0.0;0.0;0.0;0.0;0.0;0.0;0.0;0.0;0.0;0.0;
0;0;;0.0;0.0;0.0;0.0;0.0;0.0;0.0;0.0;0.0;0.0;0.0;0.0;0.0;0.0;0.0;0.0;0.0;0.0;0.0;0.0;0.0;0.0;0.0;0.0;0.0;0.0;0.0;0.0;0.0;0.0;0.0;0.0;
0;0;;0.0;0.0;0.0;0.0;0.0;0.0;0.0;0.0;0.0;0.0;0.0;0.0;0.0;0.0;0.0;0.0;0.0;0.0;0.0;0.0;0.0;0.0;0.0;0.0;0.0;0.0;0.0;0.0;0.0;0.0;0.0;0.0;
0;0;;0.0;0.0;0.0;0.0;0.0;0.0;0.0;0.0;0.0;0.0;0.0;0.0;0.0;0.0;0.0;0.0;0.0;0.0;0.0;0.0;0.0;0.0;0.0;0.0;0.0;0.0;0.0;0.0;0.0;0.0;0.0;0.0;
0;0;;0.0;0.0;0.0;0.0;0.0;0.0;0.0;0.0;0.0;0.0;0.0;0.0;0.0;0.0;0.0;0.0;0.0;0.0;0.0;0.0;0.0;0.0;0.0;0.0;0.0;0.0;0.0;0.0;0.0;0.0;0.0;0.0;
0;0;;0.0;0.0;0.0;0.0;0.0;0.0;0.0;0.0;0.0;0.0;0.0;0.0;0.0;0.0;0.0;0.0;0.0;0.0;0.0;0.0;0.0;0.0;0.0;0.0;0.0;0.0;0.0;0.0;0.0;0.0;0.0;0.0;
0;0;;0.0;0.0;0.0;0.0;0.0;0.0;0.0;0.0;0.0;0.0;0.0;0.0;0.0;0.0;0.0;0.0;0.0;0.0;0.0;0.0;0.0;0.0;0.0;0.0;0.0;0.0;0.0;0.0;0.0;0.0;0.0;0.0;
0;0;;0.0;0.0;0.0;0.0;0.0;0.0;0.0;0.0;0.0;0.0;0.0;0.0;0.0;0.0;0.0;0.0;0.0;0.0;0.0;0.0;0.0;0.0;0.0;0.0;0.0;0.0;0.0;0.0;0.0;0.0;0.0;0.0;
0;0;;0.0;0.0;0.0;0.0;0.0;0.0;0.0;0.0;0.0;0.0;0.0;0.0;0.0;0.0;0.0;0.0;0.0;0.0;0.0;0.0;0.0;0.0;0.0;0.0;0.0;0.0;0.0;0.0;0.0;0.0;0.0;0.0;
0;0;;0.0;0.0;0.0;0.0;0.0;0.0;0.0;0.0;0.0;0.0;0.0;0.0;0.0;0.0;0.0;0.0;0.0;0.0;0.0;0.0;0.0;0.0;0.0;0.0;0.0;0.0;0.0;0.0;0.0;0.0;0.0;0.0;
0;0;;0.0;0.0;0.0;0.0;0.0;0.0;0.0;0.0;0.0;0.0;0.0;0.0;0.0;0.0;0.0;0.0;0.0;0.0;0.0;0.0;0.0;0.0;0.0;0.0;0.0;0.0;0.0;0.0;0.0;0.0;0.0;0.0;
0;0;;0.0;0.0;0.0;0.0;0.0;0.0;0.0;0.0;0.0;0.0;0.0;0.0;0.0;0.0;0.0;0.0;0.0;0.0;0.0;0.0;0.0;0.0;0.0;0.0;0.0;0.0;0.0;0.0;0.0;0.0;0.0;0.0;
0;0;;0.0;0.0;0.0;0.0;0.0;0.0;0.0;0.0;0.0;0.0;0.0;0.0;0.0;0.0;0.0;0.0;0.0;0.0;0.0;0.0;0.0;0.0;0.0;0.0;0.0;0.0;0.0;0.0;0.0;0.0;0.0;0.0;
0;0;;0.0;0.0;0.0;0.0;0.0;0.0;0.0;0.0;0.0;0.0;0.0;0.0;0.0;0.0;0.0;0.0;0.0;0.0;0.0;0.0;0.0;0.0;0.0;0.0;0.0;0.0;0.0;0.0;0.0;0.0;0.0;0.0;
0;0;;0.0;0.0;0.0;0.0;0.0;0.0;0.0;0.0;0.0;0.0;0.0;0.0;0.0;0.0;0.0;0.0;0.0;0.0;0.0;0.0;0.0;0.0;0.0;0.0;0.0;0.0;0.0;0.0;0.0;0.0;0.0;0.0;
0;0;;0.0;0.0;0.0;0.0;0.0;0.0;0.0;0.0;0.0;0.0;0.0;0.0;0.0;0.0;0.0;0.0;0.0;0.0;0.0;0.0;0.0;0.0;0.0;0.0;0.0;0.0;0.0;0.0;0.0;0.0;0.0;0.0;
0;0;;0.0;0.0;0.0;0.0;0.0;0.0;0.0;0.0;0.0;0.0;0.0;0.0;0.0;0.0;0.0;0.0;0.0;0.0;0.0;0.0;0.0;0.0;0.0;0.0;0.0;0.0;0.0;0.0;0.0;0.0;0.0;0.0;
0;0;;0.0;0.0;0.0;0.0;0.0;0.0;0.0;0.0;0.0;0.0;0.0;0.0;0.0;0.0;0.0;0.0;0.0;0.0;0.0;0.0;0.0;0.0;0.0;0.0;0.0;0.0;0.0;0.0;0.0;0.0;0.0;0.0;
0;0;;0.0;0.0;0.0;0.0;0.0;0.0;0.0;0.0;0.0;0.0;0.0;0.0;0.0;0.0;0.0;0.0;0.0;0.0;0.0;0.0;0.0;0.0;0.0;0.0;0.0;0.0;0.0;0.0;0.0;0.0;0.0;0.0;
0;0;;0.0;0.0;0.0;0.0;0.0;0.0;0.0;0.0;0.0;0.0;0.0;0.0;0.0;0.0;0.0;0.0;0.0;0.0;0.0;0.0;0.0;0.0;0.0;0.0;0.0;0.0;0.0;0.0;0.0;0.0;0.0;0.0;
0;0;;0.0;0.0;0.0;0.0;0.0;0.0;0.0;0.0;0.0;0.0;0.0;0.0;0.0;0.0;0.0;0.0;0.0;0.0;0.0;0.0;0.0;0.0;0.0;0.0;0.0;0.0;0.0;0.0;0.0;0.0;0.0;0.0;
0;0;;0.0;0.0;0.0;0.0;0.0;0.0;0.0;0.0;0.0;0.0;0.0;0.0;0.0;0.0;0.0;0.0;0.0;0.0;0.0;0.0;0.0;0.0;0.0;0.0;0.0;0.0;0.0;0.0;0.0;0.0;0.0;0.0;
0;0;;0.0;0.0;0.0;0.0;0.0;0.0;0.0;0.0;0.0;0.0;0.0;0.0;0.0;0.0;0.0;0.0;0.0;0.0;0.0;0.0;0.0;0.0;0.0;0.0;0.0;0.0;0.0;0.0;0.0;0.0;0.0;0.0;
0;0;;0.0;0.0;0.0;0.0;0.0;0.0;0.0;0.0;0.0;0.0;0.0;0.0;0.0;0.0;0.0;0.0;0.0;0.0;0.0;0.0;0.0;0.0;0.0;0.0;0.0;0.0;0.0;0.0;0.0;0.0;0.0;0.0;
0;0;;0.0;0.0;0.0;0.0;0.0;0.0;0.0;0.0;0.0;0.0;0.0;0.0;0.0;0.0;0.0;0.0;0.0;0.0;0.0;0.0;0.0;0.0;0.0;0.0;0.0;0.0;0.0;0.0;0.0;0.0;0.0;0.0;
0;0;;0.0;0.0;0.0;0.0;0.0;0.0;0.0;0.0;0.0;0.0;0.0;0.0;0.0;0.0;0.0;0.0;0.0;0.0;0.0;0.0;0.0;0.0;0.0;0.0;0.0;0.0;0.0;0.0;0.0;0.0;0.0;0.0;
0;0;;0.0;0.0;0.0;0.0;0.0;0.0;0.0;0.0;0.0;0.0;0.0;0.0;0.0;0.0;0.0;0.0;0.0;0.0;0.0;0.0;0.0;0.0;0.0;0.0;0.0;0.0;0.0;0.0;0.0;0.0;0.0;0.0;
0;0;;0.0;0.0;0.0;0.0;0.0;0.0;0.0;0.0;0.0;0.0;0.0;0.0;0.0;0.0;0.0;0.0;0.0;0.0;0.0;0.0;0.0;0.0;0.0;0.0;0.0;0.0;0.0;0.0;0.0;0.0;0.0;0.0;
0;0;;0.0;0.0;0.0;0.0;0.0;0.0;0.0;0.0;0.0;0.0;0.0;0.0;0.0;0.0;0.0;0.0;0.0;0.0;0.0;0.0;0.0;0.0;0.0;0.0;0.0;0.0;0.0;0.0;0.0;0.0;0.0;0.0;
0;0;;0.0;0.0;0.0;0.0;0.0;0.0;0.0;0.0;0.0;0.0;0.0;0.0;0.0;0.0;0.0;0.0;0.0;0.0;0.0;0.0;0.0;0.0;0.0;0.0;0.0;0.0;0.0;0.0;0.0;0.0;0.0;0.0;
0;0;;0.0;0.0;0.0;0.0;0.0;0.0;0.0;0.0;0.0;0.0;0.0;0.0;0.0;0.0;0.0;0.0;0.0;0.0;0.0;0.0;0.0;0.0;0.0;0.0;0.0;0.0;0.0;0.0;0.0;0.0;0.0;0.0;
0;0;;0.0;0.0;0.0;0.0;0.0;0.0;0.0;0.0;0.0;0.0;0.0;0.0;0.0;0.0;0.0;0.0;0.0;0.0;0.0;0.0;0.0;0.0;0.0;0.0;0.0;0.0;0.0;0.0;0.0;0.0;0.0;0.0;
0;0;;0.0;0.0;0.0;0.0;0.0;0.0;0.0;0.0;0.0;0.0;0.0;0.0;0.0;0.0;0.0;0.0;0.0;0.0;0.0;0.0;0.0;0.0;0.0;0.0;0.0;0.0;0.0;0.0;0.0;0.0;0.0;0.0;
0;0;;0.0;0.0;0.0;0.0;0.0;0.0;0.0;0.0;0.0;0.0;0.0;0.0;0.0;0.0;0.0;0.0;0.0;0.0;0.0;0.0;0.0;0.0;0.0;0.0;0.0;0.0;0.0;0.0;0.0;0.0;0.0;0.0;
0;0;;0.0;0.0;0.0;0.0;0.0;0.0;0.0;0.0;0.0;0.0;0.0;0.0;0.0;0.0;0.0;0.0;0.0;0.0;0.0;0.0;0.0;0.0;0.0;0.0;0.0;0.0;0.0;0.0;0.0;0.0;0.0;0.0;
0;0;;0.0;0.0;0.0;0.0;0.0;0.0;0.0;0.0;0.0;0.0;0.0;0.0;0.0;0.0;0.0;0.0;0.0;0.0;0.0;0.0;0.0;0.0;0.0;0.0;0.0;0.0;0.0;0.0;0.0;0.0;0.0;0.0;
0;0;;0.0;0.0;0.0;0.0;0.0;0.0;0.0;0.0;0.0;0.0;0.0;0.0;0.0;0.0;0.0;0.0;0.0;0.0;0.0;0.0;0.0;0.0;0.0;0.0;0.0;0.0;0.0;0.0;0.0;0.0;0.0;0.0;
0;0;;0.0;0.0;0.0;0.0;0.0;0.0;0.0;0.0;0.0;0.0;0.0;0.0;0.0;0.0;0.0;0.0;0.0;0.0;0.0;0.0;0.0;0.0;0.0;0.0;0.0;0.0;0.0;0.0;0.0;0.0;0.0;0.0;
0;0;;0.0;0.0;0.0;0.0;0.0;0.0;0.0;0.0;0.0;0.0;0.0;0.0;0.0;0.0;0.0;0.0;0.0;0.0;0.0;0.0;0.0;0.0;0.0;0.0;0.0;0.0;0.0;0.0;0.0;0.0;0.0;0.0;
0;0;;0.0;0.0;0.0;0.0;0.0;0.0;0.0;0.0;0.0;0.0;0.0;0.0;0.0;0.0;0.0;0.0;0.0;0.0;0.0;0.0;0.0;0.0;0.0;0.0;0.0;0.0;0.0;0.0;0.0;0.0;0.0;0.0;
0;0;;0.0;0.0;0.0;0.0;0.0;0.0;0.0;0.0;0.0;0.0;0.0;0.0;0.0;0.0;0.0;0.0;0.0;0.0;0.0;0.0;0.0;0.0;0.0;0.0;0.0;0.0;0.0;0.0;0.0;0.0;0.0;0.0;
0;0;;0.0;0.0;0.0;0.0;0.0;0.0;0.0;0.0;0.0;0.0;0.0;0.0;0.0;0.0;0.0;0.0;0.0;0.0;0.0;0.0;0.0;0.0;0.0;0.0;0.0;0.0;0.0;0.0;0.0;0.0;0.0;0.0;
0;0;;0.0;0.0;0.0;0.0;0.0;0.0;0.0;0.0;0.0;0.0;0.0;0.0;0.0;0.0;0.0;0.0;0.0;0.0;0.0;0.0;0.0;0.0;0.0;0.0;0.0;0.0;0.0;0.0;0.0;0.0;0.0;0.0;
0;0;;0.0;0.0;0.0;0.0;0.0;0.0;0.0;0.0;0.0;0.0;0.0;0.0;0.0;0.0;0.0;0.0;0.0;0.0;0.0;0.0;0.0;0.0;0.0;0.0;0.0;0.0;0.0;0.0;0.0;0.0;0.0;0.0;
0;0;;0.0;0.0;0.0;0.0;0.0;0.0;0.0;0.0;0.0;0.0;0.0;0.0;0.0;0.0;0.0;0.0;0.0;0.0;0.0;0.0;0.0;0.0;0.0;0.0;0.0;0.0;0.0;0.0;0.0;0.0;0.0;0.0;
0;0;;0.0;0.0;0.0;0.0;0.0;0.0;0.0;0.0;0.0;0.0;0.0;0.0;0.0;0.0;0.0;0.0;0.0;0.0;0.0;0.0;0.0;0.0;0.0;0.0;0.0;0.0;0.0;0.0;0.0;0.0;0.0;0.0;
0;0;;0.0;0.0;0.0;0.0;0.0;0.0;0.0;0.0;0.0;0.0;0.0;0.0;0.0;0.0;0.0;0.0;0.0;0.0;0.0;0.0;0.0;0.0;0.0;0.0;0.0;0.0;0.0;0.0;0.0;0.0;0.0;0.0;
0;0;;0.0;0.0;0.0;0.0;0.0;0.0;0.0;0.0;0.0;0.0;0.0;0.0;0.0;0.0;0.0;0.0;0.0;0.0;0.0;0.0;0.0;0.0;0.0;0.0;0.0;0.0;0.0;0.0;0.0;0.0;0.0;0.0;
0;0;;0.0;0.0;0.0;0.0;0.0;0.0;0.0;0.0;0.0;0.0;0.0;0.0;0.0;0.0;0.0;0.0;0.0;0.0;0.0;0.0;0.0;0.0;0.0;0.0;0.0;0.0;0.0;0.0;0.0;0.0;0.0;0.0;
0;0;;0.0;0.0;0.0;0.0;0.0;0.0;0.0;0.0;0.0;0.0;0.0;0.0;0.0;0.0;0.0;0.0;0.0;0.0;0.0;0.0;0.0;0.0;0.0;0.0;0.0;0.0;0.0;0.0;0.0;0.0;0.0;0.0;
0;0;;0.0;0.0;0.0;0.0;0.0;0.0;0.0;0.0;0.0;0.0;0.0;0.0;0.0;0.0;0.0;0.0;0.0;0.0;0.0;0.0;0.0;0.0;0.0;0.0;0.0;0.0;0.0;0.0;0.0;0.0;0.0;0.0;
0;0;;0.0;0.0;0.0;0.0;0.0;0.0;0.0;0.0;0.0;0.0;0.0;0.0;0.0;0.0;0.0;0.0;0.0;0.0;0.0;0.0;0.0;0.0;0.0;0.0;0.0;0.0;0.0;0.0;0.0;0.0;0.0;0.0;
0;0;;0.0;0.0;0.0;0.0;0.0;0.0;0.0;0.0;0.0;0.0;0.0;0.0;0.0;0.0;0.0;0.0;0.0;0.0;0.0;0.0;0.0;0.0;0.0;0.0;0.0;0.0;0.0;0.0;0.0;0.0;0.0;0.0;
0;0;;0.0;0.0;0.0;0.0;0.0;0.0;0.0;0.0;0.0;0.0;0.0;0.0;0.0;0.0;0.0;0.0;0.0;0.0;0.0;0.0;0.0;0.0;0.0;0.0;0.0;0.0;0.0;0.0;0.0;0.0;0.0;0.0;
0;0;;0.0;0.0;0.0;0.0;0.0;0.0;0.0;0.0;0.0;0.0;0.0;0.0;0.0;0.0;0.0;0.0;0.0;0.0;0.0;0.0;0.0;0.0;0.0;0.0;0.0;0.0;0.0;0.0;0.0;0.0;0.0;0.0;
0;0;;0.0;0.0;0.0;0.0;0.0;0.0;0.0;0.0;0.0;0.0;0.0;0.0;0.0;0.0;0.0;0.0;0.0;0.0;0.0;0.0;0.0;0.0;0.0;0.0;0.0;0.0;0.0;0.0;0.0;0.0;0.0;0.0;
0;0;;0.0;0.0;0.0;0.0;0.0;0.0;0.0;0.0;0.0;0.0;0.0;0.0;0.0;0.0;0.0;0.0;0.0;0.0;0.0;0.0;0.0;0.0;0.0;0.0;0.0;0.0;0.0;0.0;0.0;0.0;0.0;0.0;
0;0;;0.0;0.0;0.0;0.0;0.0;0.0;0.0;0.0;0.0;0.0;0.0;0.0;0.0;0.0;0.0;0.0;0.0;0.0;0.0;0.0;0.0;0.0;0.0;0.0;0.0;0.0;0.0;0.0;0.0;0.0;0.0;0.0;
0;0;;0.0;0.0;0.0;0.0;0.0;0.0;0.0;0.0;0.0;0.0;0.0;0.0;0.0;0.0;0.0;0.0;0.0;0.0;0.0;0.0;0.0;0.0;0.0;0.0;0.0;0.0;0.0;0.0;0.0;0.0;0.0;0.0;
0;0;;0.0;0.0;0.0;0.0;0.0;0.0;0.0;0.0;0.0;0.0;0.0;0.0;0.0;0.0;0.0;0.0;0.0;0.0;0.0;0.0;0.0;0.0;0.0;0.0;0.0;0.0;0.0;0.0;0.0;0.0;0.0;0.0;
0;0;;0.0;0.0;0.0;0.0;0.0;0.0;0.0;0.0;0.0;0.0;0.0;0.0;0.0;0.0;0.0;0.0;0.0;0.0;0.0;0.0;0.0;0.0;0.0;0.0;0.0;0.0;0.0;0.0;0.0;0.0;0.0;0.0;
0;0;;0.0;0.0;0.0;0.0;0.0;0.0;0.0;0.0;0.0;0.0;0.0;0.0;0.0;0.0;0.0;0.0;0.0;0.0;0.0;0.0;0.0;0.0;0.0;0.0;0.0;0.0;0.0;0.0;0.0;0.0;0.0;0.0;
0;0;;0.0;0.0;0.0;0.0;0.0;0.0;0.0;0.0;0.0;0.0;0.0;0.0;0.0;0.0;0.0;0.0;0.0;0.0;0.0;0.0;0.0;0.0;0.0;0.0;0.0;0.0;0.0;0.0;0.0;0.0;0.0;0.0;
0;0;;0.0;0.0;0.0;0.0;0.0;0.0;0.0;0.0;0.0;0.0;0.0;0.0;0.0;0.0;0.0;0.0;0.0;0.0;0.0;0.0;0.0;0.0;0.0;0.0;0.0;0.0;0.0;0.0;0.0;0.0;0.0;0.0;
0;0;;0.0;0.0;0.0;0.0;0.0;0.0;0.0;0.0;0.0;0.0;0.0;0.0;0.0;0.0;0.0;0.0;0.0;0.0;0.0;0.0;0.0;0.0;0.0;0.0;0.0;0.0;0.0;0.0;0.0;0.0;0.0;0.0;
0;0;;0.0;0.0;0.0;0.0;0.0;0.0;0.0;0.0;0.0;0.0;0.0;0.0;0.0;0.0;0.0;0.0;0.0;0.0;0.0;0.0;0.0;0.0;0.0;0.0;0.0;0.0;0.0;0.0;0.0;0.0;0.0;0.0;
0;0;;0.0;0.0;0.0;0.0;0.0;0.0;0.0;0.0;0.0;0.0;0.0;0.0;0.0;0.0;0.0;0.0;0.0;0.0;0.0;0.0;0.0;0.0;0.0;0.0;0.0;0.0;0.0;0.0;0.0;0.0;0.0;0.0;
0;0;;0.0;0.0;0.0;0.0;0.0;0.0;0.0;0.0;0.0;0.0;0.0;0.0;0.0;0.0;0.0;0.0;0.0;0.0;0.0;0.0;0.0;0.0;0.0;0.0;0.0;0.0;0.0;0.0;0.0;0.0;0.0;0.0;
0;0;;0.0;0.0;0.0;0.0;0.0;0.0;0.0;0.0;0.0;0.0;0.0;0.0;0.0;0.0;0.0;0.0;0.0;0.0;0.0;0.0;0.0;0.0;0.0;0.0;0.0;0.0;0.0;0.0;0.0;0.0;0.0;0.0;
0;0;;0.0;0.0;0.0;0.0;0.0;0.0;0.0;0.0;0.0;0.0;0.0;0.0;0.0;0.0;0.0;0.0;0.0;0.0;0.0;0.0;0.0;0.0;0.0;0.0;0.0;0.0;0.0;0.0;0.0;0.0;0.0;0.0;
0;0;;0.0;0.0;0.0;0.0;0.0;0.0;0.0;0.0;0.0;0.0;0.0;0.0;0.0;0.0;0.0;0.0;0.0;0.0;0.0;0.0;0.0;0.0;0.0;0.0;0.0;0.0;0.0;0.0;0.0;0.0;0.0;0.0;
0;0;;0.0;0.0;0.0;0.0;0.0;0.0;0.0;0.0;0.0;0.0;0.0;0.0;0.0;0.0;0.0;0.0;0.0;0.0;0.0;0.0;0.0;0.0;0.0;0.0;0.0;0.0;0.0;0.0;0.0;0.0;0.0;0.0;
0;0;;0.0;0.0;0.0;0.0;0.0;0.0;0.0;0.0;0.0;0.0;0.0;0.0;0.0;0.0;0.0;0.0;0.0;0.0;0.0;0.0;0.0;0.0;0.0;0.0;0.0;0.0;0.0;0.0;0.0;0.0;0.0;0.0;
0;0;;0.0;0.0;0.0;0.0;0.0;0.0;0.0;0.0;0.0;0.0;0.0;0.0;0.0;0.0;0.0;0.0;0.0;0.0;0.0;0.0;0.0;0.0;0.0;0.0;0.0;0.0;0.0;0.0;0.0;0.0;0.0;0.0;
0;0;;0.0;0.0;0.0;0.0;0.0;0.0;0.0;0.0;0.0;0.0;0.0;0.0;0.0;0.0;0.0;0.0;0.0;0.0;0.0;0.0;0.0;0.0;0.0;0.0;0.0;0.0;0.0;0.0;0.0;0.0;0.0;0.0;
0;0;;0.0;0.0;0.0;0.0;0.0;0.0;0.0;0.0;0.0;0.0;0.0;0.0;0.0;0.0;0.0;0.0;0.0;0.0;0.0;0.0;0.0;0.0;0.0;0.0;0.0;0.0;0.0;0.0;0.0;0.0;0.0;0.0;
0;0;;0.0;0.0;0.0;0.0;0.0;0.0;0.0;0.0;0.0;0.0;0.0;0.0;0.0;0.0;0.0;0.0;0.0;0.0;0.0;0.0;0.0;0.0;0.0;0.0;0.0;0.0;0.0;0.0;0.0;0.0;0.0;0.0;
0;0;;0.0;0.0;0.0;0.0;0.0;0.0;0.0;0.0;0.0;0.0;0.0;0.0;0.0;0.0;0.0;0.0;0.0;0.0;0.0;0.0;0.0;0.0;0.0;0.0;0.0;0.0;0.0;0.0;0.0;0.0;0.0;0.0;
0;0;;0.0;0.0;0.0;0.0;0.0;0.0;0.0;0.0;0.0;0.0;0.0;0.0;0.0;0.0;0.0;0.0;0.0;0.0;0.0;0.0;0.0;0.0;0.0;0.0;0.0;0.0;0.0;0.0;0.0;0.0;0.0;0.0;
0;0;;0.0;0.0;0.0;0.0;0.0;0.0;0.0;0.0;0.0;0.0;0.0;0.0;0.0;0.0;0.0;0.0;0.0;0.0;0.0;0.0;0.0;0.0;0.0;0.0;0.0;0.0;0.0;0.0;0.0;0.0;0.0;0.0;
0;0;;0.0;0.0;0.0;0.0;0.0;0.0;0.0;0.0;0.0;0.0;0.0;0.0;0.0;0.0;0.0;0.0;0.0;0.0;0.0;0.0;0.0;0.0;0.0;0.0;0.0;0.0;0.0;0.0;0.0;0.0;0.0;0.0;
0;0;;0.0;0.0;0.0;0.0;0.0;0.0;0.0;0.0;0.0;0.0;0.0;0.0;0.0;0.0;0.0;0.0;0.0;0.0;0.0;0.0;0.0;0.0;0.0;0.0;0.0;0.0;0.0;0.0;0.0;0.0;0.0;0.0;
0;0;;0.0;0.0;0.0;0.0;0.0;0.0;0.0;0.0;0.0;0.0;0.0;0.0;0.0;0.0;0.0;0.0;0.0;0.0;0.0;0.0;0.0;0.0;0.0;0.0;0.0;0.0;0.0;0.0;0.0;0.0;0.0;0.0;
0;0;;0.0;0.0;0.0;0.0;0.0;0.0;0.0;0.0;0.0;0.0;0.0;0.0;0.0;0.0;0.0;0.0;0.0;0.0;0.0;0.0;0.0;0.0;0.0;0.0;0.0;0.0;0.0;0.0;0.0;0.0;0.0;0.0;
0;0;;0.0;0.0;0.0;0.0;0.0;0.0;0.0;0.0;0.0;0.0;0.0;0.0;0.0;0.0;0.0;0.0;0.0;0.0;0.0;0.0;0.0;0.0;0.0;0.0;0.0;0.0;0.0;0.0;0.0;0.0;0.0;0.0;
0;0;;0.0;0.0;0.0;0.0;0.0;0.0;0.0;0.0;0.0;0.0;0.0;0.0;0.0;0.0;0.0;0.0;0.0;0.0;0.0;0.0;0.0;0.0;0.0;0.0;0.0;0.0;0.0;0.0;0.0;0.0;0.0;0.0;
0;0;;0.0;0.0;0.0;0.0;0.0;0.0;0.0;0.0;0.0;0.0;0.0;0.0;0.0;0.0;0.0;0.0;0.0;0.0;0.0;0.0;0.0;0.0;0.0;0.0;0.0;0.0;0.0;0.0;0.0;0.0;0.0;0.0;
0;0;;0.0;0.0;0.0;0.0;0.0;0.0;0.0;0.0;0.0;0.0;0.0;0.0;0.0;0.0;0.0;0.0;0.0;0.0;0.0;0.0;0.0;0.0;0.0;0.0;0.0;0.0;0.0;0.0;0.0;0.0;0.0;0.0;
0;0;;0.0;0.0;0.0;0.0;0.0;0.0;0.0;0.0;0.0;0.0;0.0;0.0;0.0;0.0;0.0;0.0;0.0;0.0;0.0;0.0;0.0;0.0;0.0;0.0;0.0;0.0;0.0;0.0;0.0;0.0;0.0;0.0;
0;0;;0.0;0.0;0.0;0.0;0.0;0.0;0.0;0.0;0.0;0.0;0.0;0.0;0.0;0.0;0.0;0.0;0.0;0.0;0.0;0.0;0.0;0.0;0.0;0.0;0.0;0.0;0.0;0.0;0.0;0.0;0.0;0.0;
0;0;;0.0;0.0;0.0;0.0;0.0;0.0;0.0;0.0;0.0;0.0;0.0;0.0;0.0;0.0;0.0;0.0;0.0;0.0;0.0;0.0;0.0;0.0;0.0;0.0;0.0;0.0;0.0;0.0;0.0;0.0;0.0;0.0;
0;0;;0.0;0.0;0.0;0.0;0.0;0.0;0.0;0.0;0.0;0.0;0.0;0.0;0.0;0.0;0.0;0.0;0.0;0.0;0.0;0.0;0.0;0.0;0.0;0.0;0.0;0.0;0.0;0.0;0.0;0.0;0.0;0.0;
0;0;;0.0;0.0;0.0;0.0;0.0;0.0;0.0;0.0;0.0;0.0;0.0;0.0;0.0;0.0;0.0;0.0;0.0;0.0;0.0;0.0;0.0;0.0;0.0;0.0;0.0;0.0;0.0;0.0;0.0;0.0;0.0;0.0;
0;0;;0.0;0.0;0.0;0.0;0.0;0.0;0.0;0.0;0.0;0.0;0.0;0.0;0.0;0.0;0.0;0.0;0.0;0.0;0.0;0.0;0.0;0.0;0.0;0.0;0.0;0.0;0.0;0.0;0.0;0.0;0.0;0.0;
0;0;;0.0;0.0;0.0;0.0;0.0;0.0;0.0;0.0;0.0;0.0;0.0;0.0;0.0;0.0;0.0;0.0;0.0;0.0;0.0;0.0;0.0;0.0;0.0;0.0;0.0;0.0;0.0;0.0;0.0;0.0;0.0;0.0;
0;0;;0.0;0.0;0.0;0.0;0.0;0.0;0.0;0.0;0.0;0.0;0.0;0.0;0.0;0.0;0.0;0.0;0.0;0.0;0.0;0.0;0.0;0.0;0.0;0.0;0.0;0.0;0.0;0.0;0.0;0.0;0.0;0.0;
0;0;;0.0;0.0;0.0;0.0;0.0;0.0;0.0;0.0;0.0;0.0;0.0;0.0;0.0;0.0;0.0;0.0;0.0;0.0;0.0;0.0;0.0;0.0;0.0;0.0;0.0;0.0;0.0;0.0;0.0;0.0;0.0;0.0;
0;0;;0.0;0.0;0.0;0.0;0.0;0.0;0.0;0.0;0.0;0.0;0.0;0.0;0.0;0.0;0.0;0.0;0.0;0.0;0.0;0.0;0.0;0.0;0.0;0.0;0.0;0.0;0.0;0.0;0.0;0.0;0.0;0.0;
0;0;;0.0;0.0;0.0;0.0;0.0;0.0;0.0;0.0;0.0;0.0;0.0;0.0;0.0;0.0;0.0;0.0;0.0;0.0;0.0;0.0;0.0;0.0;0.0;0.0;0.0;0.0;0.0;0.0;0.0;0.0;0.0;0.0;
0;0;;0.0;0.0;0.0;0.0;0.0;0.0;0.0;0.0;0.0;0.0;0.0;0.0;0.0;0.0;0.0;0.0;0.0;0.0;0.0;0.0;0.0;0.0;0.0;0.0;0.0;0.0;0.0;0.0;0.0;0.0;0.0;0.0;
0;0;;0.0;0.0;0.0;0.0;0.0;0.0;0.0;0.0;0.0;0.0;0.0;0.0;0.0;0.0;0.0;0.0;0.0;0.0;0.0;0.0;0.0;0.0;0.0;0.0;0.0;0.0;0.0;0.0;0.0;0.0;0.0;0.0;
0;0;;0.0;0.0;0.0;0.0;0.0;0.0;0.0;0.0;0.0;0.0;0.0;0.0;0.0;0.0;0.0;0.0;0.0;0.0;0.0;0.0;0.0;0.0;0.0;0.0;0.0;0.0;0.0;0.0;0.0;0.0;0.0;0.0;
0;0;;0.0;0.0;0.0;0.0;0.0;0.0;0.0;0.0;0.0;0.0;0.0;0.0;0.0;0.0;0.0;0.0;0.0;0.0;0.0;0.0;0.0;0.0;0.0;0.0;0.0;0.0;0.0;0.0;0.0;0.0;0.0;0.0;
0;0;;0.0;0.0;0.0;0.0;0.0;0.0;0.0;0.0;0.0;0.0;0.0;0.0;0.0;0.0;0.0;0.0;0.0;0.0;0.0;0.0;0.0;0.0;0.0;0.0;0.0;0.0;0.0;0.0;0.0;0.0;0.0;0.0;
0;0;;0.0;0.0;0.0;0.0;0.0;0.0;0.0;0.0;0.0;0.0;0.0;0.0;0.0;0.0;0.0;0.0;0.0;0.0;0.0;0.0;0.0;0.0;0.0;0.0;0.0;0.0;0.0;0.0;0.0;0.0;0.0;0.0;
0;0;;0.0;0.0;0.0;0.0;0.0;0.0;0.0;0.0;0.0;0.0;0.0;0.0;0.0;0.0;0.0;0.0;0.0;0.0;0.0;0.0;0.0;0.0;0.0;0.0;0.0;0.0;0.0;0.0;0.0;0.0;0.0;0.0;
0;0;;0.0;0.0;0.0;0.0;0.0;0.0;0.0;0.0;0.0;0.0;0.0;0.0;0.0;0.0;0.0;0.0;0.0;0.0;0.0;0.0;0.0;0.0;0.0;0.0;0.0;0.0;0.0;0.0;0.0;0.0;0.0;0.0;
0;0;;0.0;0.0;0.0;0.0;0.0;0.0;0.0;0.0;0.0;0.0;0.0;0.0;0.0;0.0;0.0;0.0;0.0;0.0;0.0;0.0;0.0;0.0;0.0;0.0;0.0;0.0;0.0;0.0;0.0;0.0;0.0;0.0;
0;0;;0.0;0.0;0.0;0.0;0.0;0.0;0.0;0.0;0.0;0.0;0.0;0.0;0.0;0.0;0.0;0.0;0.0;0.0;0.0;0.0;0.0;0.0;0.0;0.0;0.0;0.0;0.0;0.0;0.0;0.0;0.0;0.0;
0;0;;0.0;0.0;0.0;0.0;0.0;0.0;0.0;0.0;0.0;0.0;0.0;0.0;0.0;0.0;0.0;0.0;0.0;0.0;0.0;0.0;0.0;0.0;0.0;0.0;0.0;0.0;0.0;0.0;0.0;0.0;0.0;0.0;
0;0;;0.0;0.0;0.0;0.0;0.0;0.0;0.0;0.0;0.0;0.0;0.0;0.0;0.0;0.0;0.0;0.0;0.0;0.0;0.0;0.0;0.0;0.0;0.0;0.0;0.0;0.0;0.0;0.0;0.0;0.0;0.0;0.0;
0;0;;0.0;0.0;0.0;0.0;0.0;0.0;0.0;0.0;0.0;0.0;0.0;0.0;0.0;0.0;0.0;0.0;0.0;0.0;0.0;0.0;0.0;0.0;0.0;0.0;0.0;0.0;0.0;0.0;0.0;0.0;0.0;0.0;
0;0;;0.0;0.0;0.0;0.0;0.0;0.0;0.0;0.0;0.0;0.0;0.0;0.0;0.0;0.0;0.0;0.0;0.0;0.0;0.0;0.0;0.0;0.0;0.0;0.0;0.0;0.0;0.0;0.0;0.0;0.0;0.0;0.0;
0;0;;0.0;0.0;0.0;0.0;0.0;0.0;0.0;0.0;0.0;0.0;0.0;0.0;0.0;0.0;0.0;0.0;0.0;0.0;0.0;0.0;0.0;0.0;0.0;0.0;0.0;0.0;0.0;0.0;0.0;0.0;0.0;0.0;
0;0;;0.0;0.0;0.0;0.0;0.0;0.0;0.0;0.0;0.0;0.0;0.0;0.0;0.0;0.0;0.0;0.0;0.0;0.0;0.0;0.0;0.0;0.0;0.0;0.0;0.0;0.0;0.0;0.0;0.0;0.0;0.0;0.0;
0;0;;0.0;0.0;0.0;0.0;0.0;0.0;0.0;0.0;0.0;0.0;0.0;0.0;0.0;0.0;0.0;0.0;0.0;0.0;0.0;0.0;0.0;0.0;0.0;0.0;0.0;0.0;0.0;0.0;0.0;0.0;0.0;0.0;
0;0;;0.0;0.0;0.0;0.0;0.0;0.0;0.0;0.0;0.0;0.0;0.0;0.0;0.0;0.0;0.0;0.0;0.0;0.0;0.0;0.0;0.0;0.0;0.0;0.0;0.0;0.0;0.0;0.0;0.0;0.0;0.0;0.0;
0;0;;0.0;0.0;0.0;0.0;0.0;0.0;0.0;0.0;0.0;0.0;0.0;0.0;0.0;0.0;0.0;0.0;0.0;0.0;0.0;0.0;0.0;0.0;0.0;0.0;0.0;0.0;0.0;0.0;0.0;0.0;0.0;0.0;
0;0;;0.0;0.0;0.0;0.0;0.0;0.0;0.0;0.0;0.0;0.0;0.0;0.0;0.0;0.0;0.0;0.0;0.0;0.0;0.0;0.0;0.0;0.0;0.0;0.0;0.0;0.0;0.0;0.0;0.0;0.0;0.0;0.0;
0;0;;0.0;0.0;0.0;0.0;0.0;0.0;0.0;0.0;0.0;0.0;0.0;0.0;0.0;0.0;0.0;0.0;0.0;0.0;0.0;0.0;0.0;0.0;0.0;0.0;0.0;0.0;0.0;0.0;0.0;0.0;0.0;0.0;
0;0;;0.0;0.0;0.0;0.0;0.0;0.0;0.0;0.0;0.0;0.0;0.0;0.0;0.0;0.0;0.0;0.0;0.0;0.0;0.0;0.0;0.0;0.0;0.0;0.0;0.0;0.0;0.0;0.0;0.0;0.0;0.0;0.0;
0;0;;0.0;0.0;0.0;0.0;0.0;0.0;0.0;0.0;0.0;0.0;0.0;0.0;0.0;0.0;0.0;0.0;0.0;0.0;0.0;0.0;0.0;0.0;0.0;0.0;0.0;0.0;0.0;0.0;0.0;0.0;0.0;0.0;
0;0;;0.0;0.0;0.0;0.0;0.0;0.0;0.0;0.0;0.0;0.0;0.0;0.0;0.0;0.0;0.0;0.0;0.0;0.0;0.0;0.0;0.0;0.0;0.0;0.0;0.0;0.0;0.0;0.0;0.0;0.0;0.0;0.0;
0;0;;0.0;0.0;0.0;0.0;0.0;0.0;0.0;0.0;0.0;0.0;0.0;0.0;0.0;0.0;0.0;0.0;0.0;0.0;0.0;0.0;0.0;0.0;0.0;0.0;0.0;0.0;0.0;0.0;0.0;0.0;0.0;0.0;
0;0;;0.0;0.0;0.0;0.0;0.0;0.0;0.0;0.0;0.0;0.0;0.0;0.0;0.0;0.0;0.0;0.0;0.0;0.0;0.0;0.0;0.0;0.0;0.0;0.0;0.0;0.0;0.0;0.0;0.0;0.0;0.0;0.0;
0;0;;0.0;0.0;0.0;0.0;0.0;0.0;0.0;0.0;0.0;0.0;0.0;0.0;0.0;0.0;0.0;0.0;0.0;0.0;0.0;0.0;0.0;0.0;0.0;0.0;0.0;0.0;0.0;0.0;0.0;0.0;0.0;0.0;
0;0;;0.0;0.0;0.0;0.0;0.0;0.0;0.0;0.0;0.0;0.0;0.0;0.0;0.0;0.0;0.0;0.0;0.0;0.0;0.0;0.0;0.0;0.0;0.0;0.0;0.0;0.0;0.0;0.0;0.0;0.0;0.0;0.0;
0;0;;0.0;0.0;0.0;0.0;0.0;0.0;0.0;0.0;0.0;0.0;0.0;0.0;0.0;0.0;0.0;0.0;0.0;0.0;0.0;0.0;0.0;0.0;0.0;0.0;0.0;0.0;0.0;0.0;0.0;0.0;0.0;0.0;
0;0;;0.0;0.0;0.0;0.0;0.0;0.0;0.0;0.0;0.0;0.0;0.0;0.0;0.0;0.0;0.0;0.0;0.0;0.0;0.0;0.0;0.0;0.0;0.0;0.0;0.0;0.0;0.0;0.0;0.0;0.0;0.0;0.0;
0;0;;0.0;0.0;0.0;0.0;0.0;0.0;0.0;0.0;0.0;0.0;0.0;0.0;0.0;0.0;0.0;0.0;0.0;0.0;0.0;0.0;0.0;0.0;0.0;0.0;0.0;0.0;0.0;0.0;0.0;0.0;0.0;0.0;
0;0;;0.0;0.0;0.0;0.0;0.0;0.0;0.0;0.0;0.0;0.0;0.0;0.0;0.0;0.0;0.0;0.0;0.0;0.0;0.0;0.0;0.0;0.0;0.0;0.0;0.0;0.0;0.0;0.0;0.0;0.0;0.0;0.0;
0;0;;0.0;0.0;0.0;0.0;0.0;0.0;0.0;0.0;0.0;0.0;0.0;0.0;0.0;0.0;0.0;0.0;0.0;0.0;0.0;0.0;0.0;0.0;0.0;0.0;0.0;0.0;0.0;0.0;0.0;0.0;0.0;0.0;
0;0;;0.0;0.0;0.0;0.0;0.0;0.0;0.0;0.0;0.0;0.0;0.0;0.0;0.0;0.0;0.0;0.0;0.0;0.0;0.0;0.0;0.0;0.0;0.0;0.0;0.0;0.0;0.0;0.0;0.0;0.0;0.0;0.0;
0;0;;0.0;0.0;0.0;0.0;0.0;0.0;0.0;0.0;0.0;0.0;0.0;0.0;0.0;0.0;0.0;0.0;0.0;0.0;0.0;0.0;0.0;0.0;0.0;0.0;0.0;0.0;0.0;0.0;0.0;0.0;0.0;0.0;
0;0;;0.0;0.0;0.0;0.0;0.0;0.0;0.0;0.0;0.0;0.0;0.0;0.0;0.0;0.0;0.0;0.0;0.0;0.0;0.0;0.0;0.0;0.0;0.0;0.0;0.0;0.0;0.0;0.0;0.0;0.0;0.0;0.0;
0;0;;0.0;0.0;0.0;0.0;0.0;0.0;0.0;0.0;0.0;0.0;0.0;0.0;0.0;0.0;0.0;0.0;0.0;0.0;0.0;0.0;0.0;0.0;0.0;0.0;0.0;0.0;0.0;0.0;0.0;0.0;0.0;0.0;
0;0;;0.0;0.0;0.0;0.0;0.0;0.0;0.0;0.0;0.0;0.0;0.0;0.0;0.0;0.0;0.0;0.0;0.0;0.0;0.0;0.0;0.0;0.0;0.0;0.0;0.0;0.0;0.0;0.0;0.0;0.0;0.0;0.0;
0;0;;0.0;0.0;0.0;0.0;0.0;0.0;0.0;0.0;0.0;0.0;0.0;0.0;0.0;0.0;0.0;0.0;0.0;0.0;0.0;0.0;0.0;0.0;0.0;0.0;0.0;0.0;0.0;0.0;0.0;0.0;0.0;0.0;
0;0;;0.0;0.0;0.0;0.0;0.0;0.0;0.0;0.0;0.0;0.0;0.0;0.0;0.0;0.0;0.0;0.0;0.0;0.0;0.0;0.0;0.0;0.0;0.0;0.0;0.0;0.0;0.0;0.0;0.0;0.0;0.0;0.0;
0;0;;0.0;0.0;0.0;0.0;0.0;0.0;0.0;0.0;0.0;0.0;0.0;0.0;0.0;0.0;0.0;0.0;0.0;0.0;0.0;0.0;0.0;0.0;0.0;0.0;0.0;0.0;0.0;0.0;0.0;0.0;0.0;0.0;
0;0;;0.0;0.0;0.0;0.0;0.0;0.0;0.0;0.0;0.0;0.0;0.0;0.0;0.0;0.0;0.0;0.0;0.0;0.0;0.0;0.0;0.0;0.0;0.0;0.0;0.0;0.0;0.0;0.0;0.0;0.0;0.0;0.0;
0;0;;0.0;0.0;0.0;0.0;0.0;0.0;0.0;0.0;0.0;0.0;0.0;0.0;0.0;0.0;0.0;0.0;0.0;0.0;0.0;0.0;0.0;0.0;0.0;0.0;0.0;0.0;0.0;0.0;0.0;0.0;0.0;0.0;
0;0;;0.0;0.0;0.0;0.0;0.0;0.0;0.0;0.0;0.0;0.0;0.0;0.0;0.0;0.0;0.0;0.0;0.0;0.0;0.0;0.0;0.0;0.0;0.0;0.0;0.0;0.0;0.0;0.0;0.0;0.0;0.0;0.0;
0;0;;0.0;0.0;0.0;0.0;0.0;0.0;0.0;0.0;0.0;0.0;0.0;0.0;0.0;0.0;0.0;0.0;0.0;0.0;0.0;0.0;0.0;0.0;0.0;0.0;0.0;0.0;0.0;0.0;0.0;0.0;0.0;0.0;
0;0;;0.0;0.0;0.0;0.0;0.0;0.0;0.0;0.0;0.0;0.0;0.0;0.0;0.0;0.0;0.0;0.0;0.0;0.0;0.0;0.0;0.0;0.0;0.0;0.0;0.0;0.0;0.0;0.0;0.0;0.0;0.0;0.0;
0;0;;0.0;0.0;0.0;0.0;0.0;0.0;0.0;0.0;0.0;0.0;0.0;0.0;0.0;0.0;0.0;0.0;0.0;0.0;0.0;0.0;0.0;0.0;0.0;0.0;0.0;0.0;0.0;0.0;0.0;0.0;0.0;0.0;
0;0;;0.0;0.0;0.0;0.0;0.0;0.0;0.0;0.0;0.0;0.0;0.0;0.0;0.0;0.0;0.0;0.0;0.0;0.0;0.0;0.0;0.0;0.0;0.0;0.0;0.0;0.0;0.0;0.0;0.0;0.0;0.0;0.0;
0;0;;0.0;0.0;0.0;0.0;0.0;0.0;0.0;0.0;0.0;0.0;0.0;0.0;0.0;0.0;0.0;0.0;0.0;0.0;0.0;0.0;0.0;0.0;0.0;0.0;0.0;0.0;0.0;0.0;0.0;0.0;0.0;0.0;
0;0;;0.0;0.0;0.0;0.0;0.0;0.0;0.0;0.0;0.0;0.0;0.0;0.0;0.0;0.0;0.0;0.0;0.0;0.0;0.0;0.0;0.0;0.0;0.0;0.0;0.0;0.0;0.0;0.0;0.0;0.0;0.0;0.0;
0;0;;0.0;0.0;0.0;0.0;0.0;0.0;0.0;0.0;0.0;0.0;0.0;0.0;0.0;0.0;0.0;0.0;0.0;0.0;0.0;0.0;0.0;0.0;0.0;0.0;0.0;0.0;0.0;0.0;0.0;0.0;0.0;0.0;
0;0;;0.0;0.0;0.0;0.0;0.0;0.0;0.0;0.0;0.0;0.0;0.0;0.0;0.0;0.0;0.0;0.0;0.0;0.0;0.0;0.0;0.0;0.0;0.0;0.0;0.0;0.0;0.0;0.0;0.0;0.0;0.0;0.0;
0;0;;0.0;0.0;0.0;0.0;0.0;0.0;0.0;0.0;0.0;0.0;0.0;0.0;0.0;0.0;0.0;0.0;0.0;0.0;0.0;0.0;0.0;0.0;0.0;0.0;0.0;0.0;0.0;0.0;0.0;0.0;0.0;0.0;
0;0;;0.0;0.0;0.0;0.0;0.0;0.0;0.0;0.0;0.0;0.0;0.0;0.0;0.0;0.0;0.0;0.0;0.0;0.0;0.0;0.0;0.0;0.0;0.0;0.0;0.0;0.0;0.0;0.0;0.0;0.0;0.0;0.0;
0;0;;0.0;0.0;0.0;0.0;0.0;0.0;0.0;0.0;0.0;0.0;0.0;0.0;0.0;0.0;0.0;0.0;0.0;0.0;0.0;0.0;0.0;0.0;0.0;0.0;0.0;0.0;0.0;0.0;0.0;0.0;0.0;0.0;
0;0;;0.0;0.0;0.0;0.0;0.0;0.0;0.0;0.0;0.0;0.0;0.0;0.0;0.0;0.0;0.0;0.0;0.0;0.0;0.0;0.0;0.0;0.0;0.0;0.0;0.0;0.0;0.0;0.0;0.0;0.0;0.0;0.0;
0;0;;0.0;0.0;0.0;0.0;0.0;0.0;0.0;0.0;0.0;0.0;0.0;0.0;0.0;0.0;0.0;0.0;0.0;0.0;0.0;0.0;0.0;0.0;0.0;0.0;0.0;0.0;0.0;0.0;0.0;0.0;0.0;0.0;
0;0;;0.0;0.0;0.0;0.0;0.0;0.0;0.0;0.0;0.0;0.0;0.0;0.0;0.0;0.0;0.0;0.0;0.0;0.0;0.0;0.0;0.0;0.0;0.0;0.0;0.0;0.0;0.0;0.0;0.0;0.0;0.0;0.0;
0;0;;0.0;0.0;0.0;0.0;0.0;0.0;0.0;0.0;0.0;0.0;0.0;0.0;0.0;0.0;0.0;0.0;0.0;0.0;0.0;0.0;0.0;0.0;0.0;0.0;0.0;0.0;0.0;0.0;0.0;0.0;0.0;0.0;
0;0;;0.0;0.0;0.0;0.0;0.0;0.0;0.0;0.0;0.0;0.0;0.0;0.0;0.0;0.0;0.0;0.0;0.0;0.0;0.0;0.0;0.0;0.0;0.0;0.0;0.0;0.0;0.0;0.0;0.0;0.0;0.0;0.0;
0;0;;0.0;0.0;0.0;0.0;0.0;0.0;0.0;0.0;0.0;0.0;0.0;0.0;0.0;0.0;0.0;0.0;0.0;0.0;0.0;0.0;0.0;0.0;0.0;0.0;0.0;0.0;0.0;0.0;0.0;0.0;0.0;0.0;
0;0;;0.0;0.0;0.0;0.0;0.0;0.0;0.0;0.0;0.0;0.0;0.0;0.0;0.0;0.0;0.0;0.0;0.0;0.0;0.0;0.0;0.0;0.0;0.0;0.0;0.0;0.0;0.0;0.0;0.0;0.0;0.0;0.0;
0;0;;0.0;0.0;0.0;0.0;0.0;0.0;0.0;0.0;0.0;0.0;0.0;0.0;0.0;0.0;0.0;0.0;0.0;0.0;0.0;0.0;0.0;0.0;0.0;0.0;0.0;0.0;0.0;0.0;0.0;0.0;0.0;0.0;
0;0;;0.0;0.0;0.0;0.0;0.0;0.0;0.0;0.0;0.0;0.0;0.0;0.0;0.0;0.0;0.0;0.0;0.0;0.0;0.0;0.0;0.0;0.0;0.0;0.0;0.0;0.0;0.0;0.0;0.0;0.0;0.0;0.0;
0;0;;0.0;0.0;0.0;0.0;0.0;0.0;0.0;0.0;0.0;0.0;0.0;0.0;0.0;0.0;0.0;0.0;0.0;0.0;0.0;0.0;0.0;0.0;0.0;0.0;0.0;0.0;0.0;0.0;0.0;0.0;0.0;0.0;
0;0;;0.0;0.0;0.0;0.0;0.0;0.0;0.0;0.0;0.0;0.0;0.0;0.0;0.0;0.0;0.0;0.0;0.0;0.0;0.0;0.0;0.0;0.0;0.0;0.0;0.0;0.0;0.0;0.0;0.0;0.0;0.0;0.0;
0;0;;0.0;0.0;0.0;0.0;0.0;0.0;0.0;0.0;0.0;0.0;0.0;0.0;0.0;0.0;0.0;0.0;0.0;0.0;0.0;0.0;0.0;0.0;0.0;0.0;0.0;0.0;0.0;0.0;0.0;0.0;0.0;0.0;
0;0;;0.0;0.0;0.0;0.0;0.0;0.0;0.0;0.0;0.0;0.0;0.0;0.0;0.0;0.0;0.0;0.0;0.0;0.0;0.0;0.0;0.0;0.0;0.0;0.0;0.0;0.0;0.0;0.0;0.0;0.0;0.0;0.0;
0;0;;0.0;0.0;0.0;0.0;0.0;0.0;0.0;0.0;0.0;0.0;0.0;0.0;0.0;0.0;0.0;0.0;0.0;0.0;0.0;0.0;0.0;0.0;0.0;0.0;0.0;0.0;0.0;0.0;0.0;0.0;0.0;0.0;
0;0;;0.0;0.0;0.0;0.0;0.0;0.0;0.0;0.0;0.0;0.0;0.0;0.0;0.0;0.0;0.0;0.0;0.0;0.0;0.0;0.0;0.0;0.0;0.0;0.0;0.0;0.0;0.0;0.0;0.0;0.0;0.0;0.0;
0;0;;0.0;0.0;0.0;0.0;0.0;0.0;0.0;0.0;0.0;0.0;0.0;0.0;0.0;0.0;0.0;0.0;0.0;0.0;0.0;0.0;0.0;0.0;0.0;0.0;0.0;0.0;0.0;0.0;0.0;0.0;0.0;0.0;
0;0;;0.0;0.0;0.0;0.0;0.0;0.0;0.0;0.0;0.0;0.0;0.0;0.0;0.0;0.0;0.0;0.0;0.0;0.0;0.0;0.0;0.0;0.0;0.0;0.0;0.0;0.0;0.0;0.0;0.0;0.0;0.0;0.0;
0;0;;0.0;0.0;0.0;0.0;0.0;0.0;0.0;0.0;0.0;0.0;0.0;0.0;0.0;0.0;0.0;0.0;0.0;0.0;0.0;0.0;0.0;0.0;0.0;0.0;0.0;0.0;0.0;0.0;0.0;0.0;0.0;0.0;
0;21392;;0.0023657873;0.0040850686;0.006668855;1.4390599E-4;0.0050469832;0.008712436;0.014216152;3.0598583E-4;0.004921846;0.008496437;0.013864616;2.997298E-4;0.0033731237;0.0058240555;0.009502877;2.0537348E-4;0.004281719;0.0073914323;0.01206067;2.5988088E-4;0.005016448;0.00865973;0.014130724;3.045239E-4;0.0049699256;0.008579666;0.014000329;3.0178906E-4;0.0050703087;0.00875271;0.014282599;3.0782094E-4;
0;22388;;0.25374234;0.38272002;0.40613788;0.0054613235;1.1685761;1.6141162;1.8374324;0.028808016;1.1001793;1.5112675;1.6126636;0.032456066;0.5536391;0.7904781;0.87682766;0.012664561;0.95057124;1.376385;1.4994665;0.019567724;1.4275564;2.0565917;2.2366967;0.027733572;1.2519224;1.7992822;1.9165646;0.0245202;0.28423145;0.44298187;0.58539736;0.008188514;
0;23388;;0.16569032;0.22503982;0.22084789;0.0037901534;0.11303459;0.15372118;0.16090137;0.012023416;0.122415856;0.15637106;0.17193228;0.027506428;0.16968843;0.23119184;0.23214549;0.0095957015;0.18735717;0.2535555;0.2525653;0.0059022363;0.21593696;0.29574242;0.29041684;0.0045847353;0.15473093;0.21074358;0.20225528;0.003968746;0.0011193583;0.0021104326;0.003815346;8.316521E-5;
0;24362;;0.1276895;0.16782005;0.16024426;0.0031607456;0.049173564;0.0646233;0.066291675;0.011707999;0.08007724;0.10587666;0.12277976;0.032693293;0.1183741;0.15909854;0.15414871;0.010175253;0.11884819;0.15595312;0.15153904;0.004687321;0.12821577;0.16875271;0.16279346;0.002820673;0.073306665;0.096651755;0.091254;0.002404421;3.0095977E-4;5.935552E-4;0.0011588186;2.8044316E-5;
0;25362;;0.10184452;0.13572316;0.12755951;0.0027491872;0.03644729;0.04642996;0.04458103;0.011571168;0.07628072;0.105215564;0.12411485;0.034294095;0.09515337;0.12790008;0.12052214;0.010081117;0.09470999;0.123669125;0.11884389;0.0042733885;0.098363556;0.13070574;0.12498557;0.0022739272;0.046768762;0.06590539;0.060913943;0.001969199;2.2036664E-4;4.392724E-4;8.735227E-4;2.1670387E-5;
0;26362;;0.09082526;0.121701434;0.11462814;0.0025628824;0.02138847;0.031970594;0.02855714;0.011404188;0.07546773;0.10315999;0.12441332;0.034638543;0.077506654;0.1038522;0.09734923;0.009752394;0.0792214;0.10674917;0.100617625;0.004026722;0.08214648;0.1097856;0.104587235;0.0020003517;0.03908983;0.05378695;0.050790336;0.0018209473;2.0465588E-4;4.089895E-4;8.168664E-4;2.0384345E-5;
0;27564;;0.081290245;0.10853047;0.10209592;0.0023951642;0.018321095;0.020948388;0.019414295;0.011295422;0.07134337;0.09864398;0.11925367;0.03469785;0.073602945;0.0994933;0.08984663;0.009524162;0.07273187;0.09765867;0.09155421;0.003882303;0.07899164;0.10570864;0.10031247;0.0019384453;0.03950862;0.05340708;0.051096503;0.0018271696;2.0109519E-4;4.021152E-4;8.0397073E-4;2.0090547E-5;
0;28562;;0.07086571;0.116514936;0.08649818;0.0021960484;0.024290333;0.018253785;0.018171534;0.011463176;0.06688837;0.098926544;0.117029004;0.034873683;0.10928467;0.10993819;0.09316179;0.0094350185;0.070045546;0.08546222;0.07907721;0.0037128776;0.08147109;0.10302235;0.096383974;0.001889908;0.0700331;0.056401234;0.03825332;0.0015232374;2.0019448E-4;4.0037566E-4;8.0070534E-4;2.0016083E-5;
0;29396;;0.050121266;0.06859874;0.05090522;0.0017366555;0.019663421;0.022703903;0.018906582;0.011509579;0.047010057;0.07197753;0.092844814;0.034770563;0.062269904;0.06601278;0.057136487;0.009145611;0.0508912;0.06612862;0.059246298;0.003413211;0.058503956;0.069943205;0.069252476;0.0015523311;0.040287722;0.044574782;0.024371436;0.0014356115;2.0006152E-4;4.0011882E-4;8.0022303E-4;2.0005089E-5;
0;30563;;0.1827572;0.17640573;0.1311598;0.0031094076;0.028697615;0.020641726;0.023116922;0.011293173;0.19778113;0.24327125;0.24833825;0.03723005;0.10185379;0.12462868;0.11277976;0.009976127;0.12300914;0.14180328;0.12937187;0.0045894794;0.12092995;0.13977306;0.12572211;0.0025765395;0.1105701;0.123992495;0.09212199;0.0024947468;2.0001095E-4;4.0002115E-4;8.0003974E-4;2.0000904E-5;
0;31598;;0.4143254;0.31356302;0.22575088;0.0041423882;0.063803665;0.02985882;0.026472373;0.00949635;0.57018596;0.5472417;0.4674824;0.038091585;0.26207516;0.27093026;0.18459734;0.011919026;0.28333464;0.3307126;0.38234892;0.008110958;0.20338377;0.19434781;0.18972158;0.0026018815;0.32464984;0.34202436;0.34931698;0.0064599398;2.0000261E-4;4.0000502E-4;8.0000923E-4;2.0000216E-5;
0;32592;;0.43534517;0.14730541;0.10469171;0.0024735222;0.057655837;0.049911227;0.04377179;0.011417649;0.40785456;0.25755906;0.21524262;0.0344216;0.16628775;0.094127804;0.068569385;0.010274365;0.22375278;0.10450096;0.09749049;0.00446725;0.18312919;0.06917718;0.060055405;0.0012295565;0.27648327;0.14885381;0.14154157;0.003000161;2.0000064E-4;4.0000112E-4;8.00002E-4;2.0000049E-5;
0;33597;;0.08482397;0.045969993;0.02806327;0.0012812199;0.029053459;0.026724976;0.025908554;0.011422324;0.14457497;0.1617706;0.15125296;0.03342528;0.054453116;0.034940787;0.029688414;0.0097998325;0.06211462;0.030399857;0.03029368;0.0036829724;0.042255938;0.027404781;0.024504503;7.83386E-4;0.061978303;0.038982604;0.03154008;0.0015434208;2.0000014E-4;4.0000028E-4;8.000005E-4;2.0000012E-5;
0;34598;;0.037832692;0.030039322;0.0208952;0.001216723;0.022843014;0.01480053;0.020257227;0.0114685185;0.06601344;0.08534048;0.0789543;0.03273907;0.017972196;0.020736124;0.020793263;0.009636564;0.02877494;0.026977748;0.024184812;0.003548952;0.028094329;0.020847488;0.021170076;7.297672E-4;0.029330447;0.029517604;0.026562244;0.0015065252;2.0000004E-4;4.0000005E-4;8.000003E-4;2.0000009E-5;
0;35598;;0.025948668;0.019195879;0.017891854;0.0012169668;0.017114842;0.013663823;0.018028641;0.011503162;0.12071602;0.12975687;0.14406888;0.03375464;0.024982143;0.020351417;0.023334771;0.009606498;0.023396572;0.0190316;0.023236537;0.0034811054;0.01749567;0.021802953;0.019276017;7.0632267E-4;0.026882237;0.027016211;0.027037509;0.001517007;2.0000004E-4;4.0000005E-4;8.000003E-4;2.0000009E-5;
0;36598;;0.021982536;0.020212935;0.02060659;0.0012317485;0.0188841;0.019877175;0.019843014;0.011523636;0.18468115;0.20722808;0.21655163;0.034501806;0.018258933;0.01927148;0.025463637;0.0095818695;0.019698009;0.018297572;0.020365965;0.0034543679;0.02139219;0.020528136;0.018563047;6.6772336E-4;0.024910918;0.02579012;0.025874682;0.0014939713;2.0000004E-4;4.0000005E-4;8.000003E-4;2.0000009E-5;
0;37605;;0.020999825;0.02043179;0.020449813;0.0012714317;0.013680406;0.016139187;0.020556971;0.011705265;0.19128355;0.216856;0.23834816;0.03485024;0.027443161;0.026085826;0.025445813;0.009636341;0.02078451;0.02034293;0.017810231;0.0033972915;0.016336503;0.015427996;0.016210295;6.580045E-4;0.017599199;0.024402946;0.021642542;0.0014049807;2.0000004E-4;4.0000005E-4;8.000003E-4;2.0000009E-5;
0;38605;;0.020057064;0.019797761;0.022295618;0.001275421;0.019172383;0.016256303;0.021732286;0.011789231;0.19924408;0.19006087;0.22629341;0.03466607;0.021583335;0.02575479;0.02699787;0.009720971;0.016834104;0.01757973;0.016220944;0.0034363533;0.014607034;0.016529394;0.016854888;6.747776E-4;0.017277319;0.024011565;0.020524582;0.0013901558;2.0000004E-4;4.0000005E-4;8.000003E-4;2.0000009E-5;
0;39573;;0.022324048;0.018490259;0.021466237;0.0012289768;0.02073874;0.023471493;0.02953297;0.011805803;0.16408285;0.19500087;0.22395304;0.034469932;0.023451712;0.025779668;0.027554035;0.009764973;0.019135505;0.019076968;0.019652603;0.0034694287;0.016265063;0.016471546;0.016042853;7.072816E-4;0.019312244;0.017687881;0.019921089;0.0014003698;2.0000004E-4;4.0000005E-4;8.000003E-4;2.0000009E-5;
0;40573;;0.024159623;0.017386265;0.021810314;0.0012474147;0.021843577;0.027292034;0.03181341;0.0117201805;0.17726944;0.19273816;0.217162;0.034411576;0.02282764;0.031262875;0.030285565;0.009774384;0.017528577;0.019191356;0.019504188;0.0034936282;0.016941158;0.01501944;0.01720613;6.8511016E-4;0.011416941;0.017389432;0.019488322;0.0013904382;2.0000004E-4;4.0000005E-4;8.000003E-4;2.0000009E-5;
0;41573;;0.024434166;0.018258173;0.01926143;0.0012098323;0.018270502;0.02290437;0.021226283;0.011599837;0.12936984;0.13005005;0.15129504;0.033705194;0.023752881;0.024934735;0.023458503;0.009725687;0.019513419;0.015699465;0.0178807;0.0035256706;0.014002982;0.018716114;0.017279597;7.086572E-4;0.014825301;0.016681062;0.01806234;0.0014091786;2.0000004E-4;4.0000005E-4;8.000003E-4;2.0000009E-5;
0;42581;;0.038998015;0.022779988;0.023703903;0.0012605472;0.016139582;0.01969134;0.01686655;0.011549933;0.061990205;0.048710298;0.063758895;0.033171393;0.018602941;0.018405437;0.021335367;0.009583413;0.021027835;0.014860472;0.016547976;0.0034906277;0.017599314;0.01866484;0.017826151;7.0767174E-4;0.013407866;0.013541415;0.015922561;0.0013908242;2.0000004E-4;4.0000005E-4;8.000003E-4;2.0000009E-5;
0;43586;;0.027330376;0.027415559;0.02286423;0.0012814966;0.01464828;0.018888954;0.015028619;0.011335574;0.098285735;0.106581196;0.11652087;0.03353928;0.02752801;0.01812837;0.020111825;0.009548579;0.0151494965;0.01430087;0.015945362;0.0034781604;0.016382517;0.013331734;0.017431878;6.797359E-4;0.0139433285;0.0132760955;0.01590199;0.0013556277;2.0000004E-4;4.0000005E-4;8.000003E-4;2.0000009E-5;
0;44786;;0.025111731;0.02393748;0.020549707;0.001239122;0.015831027;0.024879007;0.02429791;0.010020836;0.052204728;0.05729476;0.06865814;0.033218086;0.01823631;0.017438926;0.021718755;0.009643051;0.019536454;0.017395493;0.022559552;0.003542688;0.017853634;0.016399097;0.024282945;7.1128004E-4;0.013926705;0.020887503;0.024147497;0.0014307423;2.0000004E-4;4.0000005E-4;8.000003E-4;2.0000009E-5;
0;45786;;0.11515625;0.106024794;0.09748442;0.0022317662;0.022993276;0.015370343;0.018718572;0.008494382;0.1339849;0.14284827;0.1415737;0.033726893;0.06345616;0.06281812;0.06663414;0.010236229;0.08763453;0.08728628;0.0900009;0.004422934;0.0657336;0.06869502;0.069632076;0.001292823;0.0645474;0.058910225;0.056466907;0.0018788681;2.0000004E-4;4.0000005E-4;8.000003E-4;2.0000009E-5;
0;46797;;0.20521285;0.20012493;0.18237457;0.004103642;0.0121382475;0.014315189;0.015617332;0.0034200272;0.13610971;0.11511347;0.14856637;0.03480258;0.10029733;0.07641073;0.07891796;0.009938912;0.13664262;0.11311799;0.103553005;0.004253016;0.08425544;0.084530786;0.08323206;0.0019852845;0.08333589;0.0765938;0.06300952;0.0019780307;2.0000004E-4;4.0000005E-4;8.000003E-4;2.0000009E-5;
0;47763;;0.07298573;0.078323804;0.07333489;0.0020677664;0.0020547218;0.0022009881;0.0032072;2.6068688E-4;0.05773869;0.038412746;0.07308524;0.034671064;0.051846396;0.053272724;0.054379325;0.009746377;0.050477784;0.046387628;0.045130733;0.0033486949;0.052794937;0.056916453;0.054656114;0.001388022;0.056983735;0.044250526;0.04089111;0.001659214;2.0000004E-4;4.0000005E-4;8.000003E-4;2.0000009E-5;
0;48797;;0.034337096;0.03897434;0.038880516;0.0015340861;3.4644312E-4;5.983727E-4;0.0011105686;3.340389E-5;0.026146;0.027950443;0.049959283;0.03442482;0.030278977;0.04425733;0.045907542;0.009699536;0.027390206;0.033623125;0.033495218;0.003231232;0.03254229;0.041999865;0.04022843;0.0011843945;0.03204962;0.041117348;0.038645495;0.0016411847;2.0000004E-4;4.0000005E-4;8.000003E-4;2.0000009E-5;
0;49797;;0.019430615;0.027156077;0.02627759;0.0013032933;2.278066E-4;4.4006927E-4;8.6468545E-4;2.2494642E-5;0.016705375;0.019071473;0.033136886;0.034078017;0.030183027;0.04139859;0.04643605;0.009690713;0.023804963;0.03096883;0.031309467;0.0032059422;0.030763514;0.04184665;0.040190507;0.0011728691;0.03508705;0.046392657;0.04462817;0.0017251757;2.0000004E-4;4.0000005E-4;8.000003E-4;2.0000009E-5;
0;50797;;0.01726402;0.02170308;0.022801338;0.0012538267;2.0627258E-4;4.0916295E-4;8.1489433E-4;2.0561276E-5;0.015149907;0.014974149;0.03179669;0.03397563;0.037028678;0.045223024;0.053701457;0.009744102;0.026698783;0.034748238;0.034556657;0.003261044;0.035435565;0.048695106;0.04620616;0.0012557949;0.038690075;0.051159687;0.049374074;0.001782341;2.0000004E-4;4.0000005E-4;8.000003E-4;2.0000009E-5;
0;51734;;0.1517418;0.13165197;0.10584971;0.001970276;2.0147092E-4;4.0215548E-4;8.0350944E-4;2.013155E-5;0.1335631;0.106145225;0.10174444;0.034415133;0.14877644;0.12212126;0.11049213;0.010075242;0.13183981;0.111898415;0.094488196;0.003719603;0.1404236;0.12018943;0.09989257;0.0017006374;0.14243594;0.11156123;0.09933865;0.0021463071;2.0000004E-4;4.0000005E-4;8.000003E-4;2.0000009E-5;
0;52735;;0.052163452;0.045061287;0.025393758;0.0012039486;2.0034808E-4;4.005105E-4;8.008315E-4;2.0031126E-5;0.050073203;0.04888319;0.06244006;0.03415326;0.031001033;0.039856732;0.041460715;0.00955249;0.04564005;0.038183182;0.03131935;0.0031703282;0.040243905;0.037729837;0.032060646;0.0010294105;0.04791404;0.033984743;0.02953627;0.0015126436;2.0000004E-4;4.0000005E-4;8.000003E-4;2.0000009E-5;
0;53739;;0.031372294;0.035050284;0.018160546;0.0011447524;2.0008253E-4;4.0012112E-4;8.0019725E-4;2.000738E-5;0.028194483;0.037296582;0.06415156;0.03428624;0.02273159;0.027694775;0.033831093;0.009481343;0.036300823;0.025610907;0.022618994;0.0031142505;0.027600532;0.032149427;0.027451502;9.850448E-4;0.021222297;0.020975236;0.018116815;0.0013747149;2.0000004E-4;4.0000005E-4;8.000003E-4;2.0000009E-5;
0;54770;;0.024415866;0.045602575;0.023498386;0.0012317096;2.000196E-4;4.0002872E-4;8.000467E-4;2.0001755E-5;0.023461878;0.03684162;0.069304936;0.034321994;0.026138736;0.022830099;0.029501764;0.009400813;0.016535822;0.020632638;0.022561762;0.0030746686;0.02032253;0.02439617;0.022699483;9.4979076E-4;0.017199848;0.02679223;0.0179363;0.0013353517;2.0000004E-4;4.0000005E-4;8.000003E-4;2.0000009E-5;
0;55769;;0.0444883;0.06436007;0.052072607;0.0016382603;2.0000465E-4;4.0000683E-4;8.0001116E-4;2.0000416E-5;0.022944236;0.036672525;0.070576884;0.034259498;0.016629796;0.017109118;0.021219065;0.009327613;0.01599225;0.016555198;0.018213743;0.003001341;0.016140984;0.021136107;0.019316431;8.9225254E-4;0.020408181;0.026222179;0.021334048;0.0013711861;2.0000004E-4;4.0000005E-4;8.000003E-4;2.0000009E-5;
0;56767;;0.028577987;0.039467122;0.03369032;0.0014224327;2.0000112E-4;4.0000162E-4;8.000027E-4;2.00001E-5;0.020308953;0.030320339;0.06127265;0.034050137;0.014734558;0.016939104;0.021489127;0.009257185;0.01341733;0.010434506;0.01608538;0.002974794;0.013460841;0.016084693;0.01570844;8.3868846E-4;0.023707977;0.027647855;0.026753724;0.0014379547;2.0000004E-4;4.0000005E-4;8.000003E-4;2.0000009E-5;
0;57968;;0.014198499;0.01883906;0.01753128;0.0011890192;2.0000027E-4;4.000004E-4;8.0000056E-4;2.0000025E-5;0.020365998;0.019948434;0.04582448;0.033777665;0.01435096;0.019561945;0.019943768;0.00918303;0.015022314;0.01339039;0.015757818;0.002940584;0.011309199;0.013273405;0.015896142;8.373946E-4;0.01876862;0.023839591;0.024502069;0.0014140444;2.0000004E-4;4.0000005E-4;8.000003E-4;2.0000009E-5;
0;58968;;0.12797485;0.13657396;0.12777282;0.0032542152;2.0000005E-4;4.0000005E-4;8.000003E-4;2.0000009E-5;0.12434823;0.10335852;0.14405368;0.03425395;0.109530196;0.13321835;0.123048574;0.010381214;0.13574897;0.15042715;0.14317884;0.0051578046;0.11352207;0.12749448;0.12276971;0.0024241097;0.10840593;0.09582084;0.09190267;0.002420744;2.0000004E-4;4.0000005E-4;8.000003E-4;2.0000009E-5;
0;59969;;0.19882865;0.19821383;0.18807688;0.0037718753;2.0000004E-4;4.0000005E-4;8.000003E-4;2.0000009E-5;0.14258985;0.25577822;0.37939999;0.03595508;0.11520102;0.11378328;0.1227896;0.010395012;0.13644549;0.13906777;0.13498849;0.004852235;0.101068996;0.1012554;0.101265;0.0017397628;0.14027181;0.13782449;0.13203841;0.002786327;2.0000004E-4;4.0000005E-4;8.000003E-4;2.0000009E-5;
0;60969;;0.4414848;0.19824979;0.14047633;0.0027965202;2.0000004E-4;4.0000005E-4;8.000003E-4;2.0000009E-5;0.35861146;0.24517998;0.3556828;0.0371086;0.28020924;0.100370586;0.097544126;0.010117808;0.3061658;0.15086746;0.12126431;0.0046612853;0.21339184;0.11871734;0.08737735;0.0014899375;0.21795769;0.13216123;0.096630156;0.002322494;2.0000004E-4;4.0000005E-4;8.000003E-4;2.0000009E-5;
0;61974;;0.44272673;0.2601291;0.15364332;0.0030462884;2.0000004E-4;4.0000005E-4;8.000003E-4;2.0000009E-5;0.8597106;0.59441787;0.35097286;0.03702994;0.3713919;0.23297237;0.10805911;0.010288102;0.3323431;0.20897041;0.12358605;0.004898693;0.28189725;0.1776518;0.087670796;0.0017636701;0.3016402;0.21086001;0.10590865;0.002785142;2.0000004E-4;4.0000005E-4;8.000003E-4;2.0000009E-5;
0;62974;;0.2742403;0.17842446;0.107641324;0.0023503213;2.0000004E-4;4.0000005E-4;8.000003E-4;2.0000009E-5;0.66777307;0.5515717;0.4059863;0.03740854;0.1955522;0.15709187;0.08948405;0.010359317;0.1936125;0.143277;0.09502875;0.0045335875;0.18355705;0.123752184;0.08766909;0.0014534695;0.21217911;0.12836228;0.08462982;0.0021548946;2.0000004E-4;4.0000005E-4;8.000003E-4;2.0000009E-5;
0;63975;;0.07188332;0.054473765;0.031027433;0.0015261221;2.0000004E-4;4.0000005E-4;8.000003E-4;2.0000009E-5;0.24093384;0.12184988;0.123069964;0.034344446;0.07867842;0.046329126;0.031717367;0.009975123;0.055624083;0.040744178;0.036485378;0.00388022;0.046649553;0.021896508;0.027807754;9.1810885E-4;0.06337177;0.033080596;0.02945818;0.0015464489;2.0000004E-4;4.0000005E-4;8.000003E-4;2.0000009E-5;
0;64943;;0.034009967;0.023307018;0.023257779;0.0016014636;2.0000004E-4;4.0000005E-4;8.000003E-4;2.0000009E-5;0.13234994;0.071901634;0.093093306;0.03358575;0.038775053;0.024444876;0.024156462;0.00986388;0.026492406;0.02001033;0.019002864;0.0037169948;0.024082372;0.01266186;0.018033557;8.277754E-4;0.02114416;0.022238433;0.020349853;0.0014406595;2.0000004E-4;4.0000005E-4;8.000003E-4;2.0000009E-5;
0;65943;;0.01732064;0.022952784;0.019782059;0.0015853738;2.0000004E-4;4.0000005E-4;8.000003E-4;2.0000009E-5;0.22076999;0.17909177;0.19791113;0.034109104;0.025102092;0.033146087;0.028297618;0.009802078;0.020369533;0.023620345;0.018030632;0.0036834916;0.019860437;0.016713034;0.01875574;8.7877817E-4;0.021047411;0.025073988;0.021441422;0.0014787955;2.0000004E-4;4.0000005E-4;8.000003E-4;2.0000009E-5;
0;66948;;0.061634503;0.04921646;0.0361106;0.0018226111;2.0000004E-4;4.0000005E-4;8.000003E-4;2.0000009E-5;0.32798943;0.2841242;0.16947299;0.035323694;0.08645943;0.07265317;0.037652347;0.009976559;0.054668237;0.041954342;0.036882512;0.0039252127;0.05080834;0.037889607;0.033313073;0.0010151252;0.084229514;0.0467787;0.031426102;0.0014896232;2.0000004E-4;4.0000005E-4;8.000003E-4;2.0000009E-5;
0;67951;;0.080430605;0.06459453;0.038197983;0.0017937024;2.0000004E-4;4.0000005E-4;8.000003E-4;2.0000009E-5;0.3800859;0.39193854;0.24258131;0.036486894;0.0734865;0.10985261;0.047803733;0.009761055;0.049362555;0.05485808;0.040798664;0.0037950727;0.035788696;0.033634;0.045912072;0.0011473437;0.048845064;0.04127373;0.046122983;0.0016454181;2.0000004E-4;4.0000005E-4;8.000003E-4;2.0000009E-5;
0;68954;;0.068143316;0.06432902;0.055489514;0.00211081;2.0000004E-4;4.0000005E-4;8.000003E-4;2.0000009E-5;0.26146358;0.31726152;0.3033101;0.035866197;0.044455957;0.046734147;0.041920405;0.009838566;0.036486585;0.038000137;0.037253365;0.0037859513;0.0387014;0.037724353;0.031489965;9.958153E-4;0.045319702;0.035197534;0.030847497;0.0015108128;2.0000004E-4;4.0000005E-4;8.000003E-4;2.0000009E-5;
0;69954;;0.22837386;0.10520146;0.07665488;0.0026963078;2.0000004E-4;4.0000005E-4;8.000003E-4;2.0000009E-5;0.21337992;0.20665878;0.19612002;0.03397593;0.09218672;0.072744414;0.071901836;0.010195808;0.10304526;0.06817192;0.065301344;0.004220204;0.10941136;0.080470376;0.07073427;0.0015821862;0.12733826;0.087175824;0.07961688;0.002183038;2.0000004E-4;4.0000005E-4;8.000003E-4;2.0000009E-5;
0;70955;;0.3283091;0.2185455;0.19715855;0.0045927307;2.0000004E-4;4.0000005E-4;8.000003E-4;2.0000009E-5;0.22398877;0.21546109;0.21770826;0.03346205;0.07682599;0.032182142;0.033691652;0.009677193;0.086788625;0.050663013;0.04516261;0.0038562333;0.0755008;0.03104339;0.029942978;0.0010222868;0.07853754;0.050463468;0.044362247;0.0017091227;2.0000004E-4;4.0000005E-4;8.000003E-4;2.0000009E-5;
0;72151;;0.1492671;0.16412589;0.15443814;0.003829111;2.0000004E-4;4.0000005E-4;8.000003E-4;2.0000009E-5;0.14108057;0.29638118;0.24476299;0.03382257;0.044375826;0.056445565;0.041851576;0.00974211;0.051738426;0.05705793;0.045586668;0.0038818852;0.033192515;0.038104292;0.026364995;9.203438E-4;0.050693892;0.046201132;0.032253172;0.0013925456;2.0000004E-4;4.0000005E-4;8.000003E-4;2.0000009E-5;
0;73154;;0.28391713;0.16408587;0.14156218;0.0038955905;2.0000004E-4;4.0000005E-4;8.000003E-4;2.0000009E-5;0.31429654;0.32820576;0.22719514;0.03191487;0.17213975;0.16140145;0.14133063;0.01068591;0.19435641;0.19218884;0.17218284;0.0057766796;0.1768277;0.14461793;0.13302337;0.0030944853;0.23583747;0.17418452;0.14790569;0.0039046935;2.0000004E-4;4.0000005E-4;8.000003E-4;2.0000009E-5;
0;74157;;0.10772871;0.10255131;0.0912325;0.0032201787;2.0000004E-4;4.0000005E-4;8.000003E-4;2.0000009E-5;0.123140045;0.13280907;0.09996626;0.02687111;0.28297555;0.21548022;0.12120096;0.008864183;0.08875452;0.07559211;0.068320654;0.0041215536;0.09736133;0.09087059;0.07855947;0.0026375838;0.33052894;0.22555786;0.11481138;0.0030296065;2.0000004E-4;4.0000005E-4;8.000003E-4;2.0000009E-5;
0;75158;;0.050073855;0.050525192;0.045504756;0.0024702405;2.0000004E-4;4.0000005E-4;8.000003E-4;2.0000009E-5;0.05428884;0.04998391;0.044966888;0.026601382;0.042500876;0.029493041;0.026767934;0.008566852;0.040237814;0.04156325;0.037858576;0.0037500523;0.035275422;0.028886404;0.027843364;0.0020746673;0.09176543;0.09260906;0.07072514;0.0031338376;2.0000004E-4;4.0000005E-4;8.000003E-4;2.0000009E-5;
0;76157;;0.05619884;0.04090929;0.0390364;0.0023690753;2.0000004E-4;4.0000005E-4;8.000003E-4;2.0000009E-5;0.04555555;0.02588447;0.04586095;0.026847363;0.041390046;0.031227833;0.029210644;0.008567323;0.04367252;0.036726788;0.032533024;0.0037541217;0.03607557;0.030890081;0.029135024;0.0021294176;0.06129567;0.06527208;0.05816691;0.0031169334;2.0000004E-4;4.0000005E-4;8.000003E-4;2.0000009E-5;
0;77163;;0.04175615;0.025422206;0.023688672;0.0022441389;2.0000004E-4;4.0000005E-4;8.000003E-4;2.0000009E-5;0.053085975;0.03256627;0.05510658;0.026946075;0.040835794;0.03320076;0.03406058;0.008624667;0.038213953;0.026092157;0.024905065;0.0037357456;0.037891604;0.029496094;0.030855421;0.0021524224;0.04880256;0.044357825;0.040127244;0.0029513275;2.0000004E-4;4.0000005E-4;8.000003E-4;2.0000009E-5;
0;78164;;0.032793395;0.01890643;0.019497573;0.0020775525;2.0000004E-4;4.0000005E-4;8.000003E-4;2.0000009E-5;0.042501483;0.027438365;0.055296723;0.026943851;0.025205502;0.024363294;0.02752898;0.008683276;0.02656502;0.019866165;0.021519119;0.003772564;0.020215698;0.021251567;0.023595257;0.0021307867;0.038780764;0.04423798;0.040790804;0.0030440034;2.0000004E-4;4.0000005E-4;8.000003E-4;2.0000009E-5;
0;79131;;0.021501798;0.01354203;0.015539305;0.0020406314;2.0000004E-4;4.0000005E-4;8.000003E-4;2.0000009E-5;0.023839034;0.029609116;0.05265153;0.02688014;0.022787035;0.024140768;0.029331867;0.008740638;0.01791199;0.020649537;0.019927729;0.0038023125;0.017533071;0.022006411;0.021937573;0.002147847;0.031294186;0.04377186;0.04111449;0.0031032525;2.0000004E-4;4.0000005E-4;8.000003E-4;2.0000009E-5;
0;80131;;0.012094269;0.014353796;0.015327651;0.0020108563;2.0000004E-4;4.0000005E-4;8.000003E-4;2.0000009E-5;0.019135196;0.022205934;0.045236927;0.026685184;0.020876393;0.02554882;0.031812932;0.00876675;0.01679047;0.020533893;0.022266377;0.003843718;0.017637735;0.024433421;0.023479281;0.0021835023;0.028247077;0.034583174;0.035842307;0.0030561113;2.0000004E-4;4.0000005E-4;8.000003E-4;2.0000009E-5;
0;81132;;0.011570581;0.014873963;0.015244669;0.0019825946;2.0000004E-4;4.0000005E-4;8.000003E-4;2.0000009E-5;0.01612363;0.01863545;0.0340899;0.026475025;0.021193752;0.023592869;0.030711168;0.008758461;0.014764447;0.01925617;0.021013707;0.003843892;0.017402139;0.023901515;0.024859063;0.0022205433;0.02381069;0.02593303;0.02354659;0.0029444396;2.0000004E-4;4.0000005E-4;8.000003E-4;2.0000009E-5;
0;82139;;0.021513576;0.013041621;0.015616111;0.0020118512;2.0000004E-4;4.0000005E-4;8.000003E-4;2.0000009E-5;0.016934115;0.021401003;0.025625318;0.0262755;0.016012967;0.014710672;0.022960119;0.00865133;0.014491225;0.013624693;0.01962184;0.0038070285;0.023154924;0.014644983;0.01879695;0.0021324882;0.017584698;0.020024005;0.018099306;0.0028455304;2.0000004E-4;4.0000005E-4;8.000003E-4;2.0000009E-5;
0;83140;;0.030790303;0.017030379;0.033049133;0.0032356742;2.0000004E-4;4.0000005E-4;8.000003E-4;2.0000009E-5;0.028198011;0.04244847;0.07056362;0.03194224;0.025252962;0.02149561;0.028019624;0.009069185;0.022913376;0.019288944;0.031374298;0.0039118426;0.023024498;0.0202222;0.037715837;0.003223192;0.022057123;0.018451057;0.03471613;0.002938155;2.0000004E-4;4.0000005E-4;8.000003E-4;2.0000009E-5;
0;84140;;0.022553377;0.015482211;0.019328244;0.0012591758;2.0000004E-4;4.0000005E-4;8.000003E-4;2.0000009E-5;0.025991544;0.033158846;0.05103117;0.033920456;0.018883856;0.015613925;0.022392653;0.009395631;0.011000119;0.012789546;0.019830227;0.0032483146;0.015602461;0.019053694;0.020366333;0.0013703097;0.023509352;0.015659656;0.019306554;0.001505037;2.0000004E-4;4.0000005E-4;8.000003E-4;2.0000009E-5;
0;85341;;0.01640811;0.011383042;0.014537377;0.0010445127;2.0000004E-4;4.0000005E-4;8.000003E-4;2.0000009E-5;0.02078926;0.03342025;0.059380002;0.035102356;0.013619326;0.014217542;0.021402465;0.009530495;0.011929331;0.017299065;0.016766809;0.0030495424;0.015982099;0.011396485;0.015140432;0.0011422758;0.018377917;0.015156746;0.014133339;0.001278784;2.0000004E-4;4.0000005E-4;8.000003E-4;2.0000009E-5;
0;86340;;0.017380968;0.010001574;0.014076484;0.0010517807;2.0000004E-4;4.0000005E-4;8.000003E-4;2.0000009E-5;0.023610868;0.033360902;0.06869926;0.035508644;0.015776422;0.016824355;0.024655353;0.009611557;0.016774371;0.014845487;0.016682819;0.003029861;0.014719792;0.014591013;0.015884824;0.0011338625;0.022998419;0.017427174;0.01586399;0.0012148382;2.0000004E-4;4.0000005E-4;8.000003E-4;2.0000009E-5;
0;87335;;0.020075344;0.015583331;0.01832893;0.0011310838;2.0000004E-4;4.0000005E-4;8.000003E-4;2.0000009E-5;0.06712915;0.08873724;0.124429904;0.035982713;0.013136779;0.020869141;0.026012415;0.009643738;0.018273542;0.013740998;0.01603065;0.0030005293;0.01467763;0.0155359665;0.017627563;0.001152764;0.02065567;0.017523827;0.017251637;0.0012136478;2.0000004E-4;4.0000005E-4;8.000003E-4;2.0000009E-5;
0;88338;;0.014538023;0.01882786;0.018138122;0.001082706;2.0000004E-4;4.0000005E-4;8.000003E-4;2.0000009E-5;0.1290933;0.14216332;0.17077038;0.03608328;0.022207964;0.024544826;0.029219074;0.009628014;0.019605812;0.015084471;0.01790286;0.0029957558;0.017262677;0.016333984;0.018491125;0.0011603655;0.016399281;0.017381016;0.018004991;0.0011639233;2.0000004E-4;4.0000005E-4;8.000003E-4;2.0000009E-5;
0;89311;;0.021346113;0.017605947;0.017160496;0.0010872317;2.0000004E-4;4.0000005E-4;8.000003E-4;2.0000009E-5;0.15563886;0.18794554;0.21101816;0.036164567;0.026042541;0.02170409;0.028670857;0.009517119;0.016710097;0.013609854;0.018303301;0.0029787938;0.0141436625;0.018986402;0.016449722;0.001174241;0.018922444;0.0193971;0.017378878;0.001181759;2.0000004E-4;4.0000005E-4;8.000003E-4;2.0000009E-5;
0;90375;;0.0210827;0.020937813;0.014620653;0.0010943331;2.0000004E-4;4.0000005E-4;8.000003E-4;2.0000009E-5;0.17444208;0.19735378;0.23136783;0.03586699;0.02247843;0.027768528;0.02951582;0.0094181765;0.014604353;0.01723147;0.01946756;0.0029719612;0.010219942;0.013985575;0.015880056;0.0011509999;0.015853124;0.022410156;0.019085217;0.001168868;2.0000004E-4;4.0000005E-4;8.000003E-4;2.0000009E-5;
0;91375;;0.022657104;0.018153941;0.013396068;0.0010902155;2.0000004E-4;4.0000005E-4;8.000003E-4;2.0000009E-5;0.19640724;0.18260005;0.25187644;0.03593606;0.02347225;0.028375225;0.029744226;0.0093276;0.017113632;0.012754662;0.018984593;0.0029506567;0.01558701;0.016517762;0.016236706;0.0011483331;0.019922303;0.01703793;0.019643713;0.0011718435;2.0000004E-4;4.0000005E-4;8.000003E-4;2.0000009E-5;
0;92344;;0.019421227;0.013241957;0.017509405;0.0011295928;2.0000004E-4;4.0000005E-4;8.000003E-4;2.0000009E-5;0.2240484;0.19186947;0.25580767;0.036141664;0.026990442;0.030934582;0.028554767;0.009320216;0.014788117;0.013946742;0.019784428;0.0029668175;0.015383759;0.01688248;0.016785458;0.0011514467;0.020511512;0.018690651;0.017283885;0.001200684;2.0000004E-4;4.0000005E-4;8.000003E-4;2.0000009E-5;
0;93344;;0.023139656;0.015772607;0.018634649;0.0010854484;2.0000004E-4;4.0000005E-4;8.000003E-4;2.0000009E-5;0.22492623;0.1980186;0.2247724;0.036308903;0.032912582;0.032603443;0.02773796;0.009314319;0.018110989;0.014924097;0.019335061;0.0029693143;0.020504989;0.01612747;0.016387878;0.0011484174;0.02140465;0.018839324;0.019634187;0.0011994132;2.0000004E-4;4.0000005E-4;8.000003E-4;2.0000009E-5;
0;94345;;0.016476378;0.015972756;0.01810501;0.0011060896;2.0000004E-4;4.0000005E-4;8.000003E-4;2.0000009E-5;0.2228111;0.23185119;0.23467785;0.036399525;0.033180382;0.035517897;0.027325625;0.00930933;0.01856119;0.017739624;0.019395784;0.0029411162;0.022270204;0.01907699;0.016924249;0.0011779604;0.02079398;0.021827796;0.020322334;0.001219832;2.0000004E-4;4.0000005E-4;8.000003E-4;2.0000009E-5;
0;95344;;0.024254143;0.01568005;0.017909471;0.0010654521;2.0000004E-4;4.0000005E-4;8.000003E-4;2.0000009E-5;0.22544648;0.24822843;0.2537104;0.036168385;0.035183027;0.032339763;0.030954564;0.009233548;0.0210429;0.017951114;0.01874829;0.0029136706;0.015179926;0.01700786;0.015980551;0.0011765895;0.020720214;0.025190102;0.02216892;0.0012111708;2.0000004E-4;4.0000005E-4;8.000003E-4;2.0000009E-5;
0;96345;;0.02441446;0.020820903;0.014515935;0.00109513;2.0000004E-4;4.0000005E-4;8.000003E-4;2.0000009E-5;0.18672195;0.22605026;0.24222335;0.035716243;0.08268988;0.0794345;0.04862299;0.009231135;0.019603126;0.016674327;0.018747821;0.0028526306;0.023443645;0.025697697;0.023188693;0.0012638859;0.056363944;0.06816771;0.035607915;0.0012855135;2.0000004E-4;4.0000005E-4;8.000003E-4;2.0000009E-5;
0;97350;;0.059488937;0.052169435;0.051616363;0.0028821782;2.0000004E-4;4.0000005E-4;8.000003E-4;2.0000009E-5;0.2865301;0.29131287;0.3384957;0.0393632;0.059263084;0.07616888;0.0488511;0.009761485;0.049941026;0.05225663;0.05101909;0.0043757134;0.054833177;0.069504626;0.06749376;0.0034078602;0.09654866;0.12387486;0.082884;0.0035827565;2.0000004E-4;4.0000005E-4;8.000003E-4;2.0000009E-5;
0;98320;;0.049593132;0.05820748;0.050955284;0.0021583447;2.0000004E-4;4.0000005E-4;8.000003E-4;2.0000009E-5;0.21942492;0.2735951;0.3624222;0.036808796;0.21912064;0.24249092;0.08988983;0.009527423;0.041503914;0.04091806;0.033215683;0.0032953098;0.065826766;0.075393446;0.06443592;0.0020953498;0.23001239;0.28088585;0.08494769;0.0020521756;2.0000004E-4;4.0000005E-4;8.000003E-4;2.0000009E-5;
0;99356;;0.036209706;0.042507175;0.040085793;0.0013975567;2.0000004E-4;4.0000005E-4;8.000003E-4;2.0000009E-5;0.25597662;0.21916312;0.3527381;0.035874933;0.06445363;0.060908135;0.04335248;0.009256819;0.02318845;0.027194645;0.023744326;0.0029784397;0.03308251;0.028482264;0.030178217;0.0010385426;0.059586205;0.06777766;0.051416896;0.0016232721;2.0000004E-4;4.0000005E-4;8.000003E-4;2.0000009E-5;
0;100322;;0.030127158;0.03044754;0.031684346;0.0011845997;2.0000004E-4;4.0000005E-4;8.000003E-4;2.0000009E-5;0.26636246;0.24367562;0.32773134;0.035651308;0.040383477;0.03663656;0.039576158;0.009188385;0.022467075;0.01888846;0.023916489;0.0029192693;0.02651461;0.0130193615;0.021018075;9.010304E-4;0.042447474;0.052065987;0.04593174;0.0015807461;2.0000004E-4;4.0000005E-4;8.000003E-4;2.0000009E-5;
0;101356;;0.08376801;0.096498765;0.09275846;0.0019726714;2.0000004E-4;4.0000005E-4;8.000003E-4;2.0000009E-5;0.22912058;0.22658086;0.26617578;0.034842696;0.0393577;0.03875058;0.042925287;0.009266499;0.040079173;0.041415244;0.041485373;0.0031948367;0.023221465;0.016854875;0.020263538;8.686243E-4;0.1582142;0.20605786;0.18857893;0.0035409126;2.0000004E-4;4.0000005E-4;8.000003E-4;2.0000009E-5;
0;102557;;0.13484617;0.16390172;0.15763067;0.002844554;2.0000004E-4;4.0000005E-4;8.000003E-4;2.0000009E-5;0.048183747;0.05728128;0.09213423;0.033749077;0.12548146;0.1658644;0.16327429;0.010778238;0.034486726;0.027889347;0.033006962;0.0031519404;0.085775815;0.10718059;0.104909174;0.0020397552;0.041726205;0.056196604;0.062398843;0.0010479216;2.0000004E-4;4.0000005E-4;8.000003E-4;2.0000009E-5;
0;103557;;0.25499904;0.32627863;0.3073752;0.0047799973;2.0000004E-4;4.0000005E-4;8.000003E-4;2.0000009E-5;0.09160934;0.12991907;0.28680208;0.03454866;0.2757196;0.364995;0.35149443;0.013084642;0.14528748;0.16048217;0.15471888;0.004793066;0.16606277;0.21509783;0.20326854;0.0034027966;7.0536666E-4;0.0012922699;0.0022407714;5.095667E-5;2.0000004E-4;4.0000005E-4;8.000003E-4;2.0000009E-5;
0;104557;;0.33971483;0.4534716;0.4291363;0.0063143848;2.0000004E-4;4.0000005E-4;8.000003E-4;2.0000009E-5;0.083408825;0.15928209;0.48796853;0.036064357;0.3140057;0.41922393;0.40315527;0.013683608;0.22628452;0.29269797;0.27734464;0.00635054;0.2183266;0.28790858;0.2718121;0.004354129;2.6962158E-4;5.283204E-4;0.0010212791;2.4964715E-5;2.0000004E-4;4.0000005E-4;8.000003E-4;2.0000009E-5;
0;105561;;0.49588394;0.6650528;0.6294451;0.008839122;2.0000004E-4;4.0000005E-4;8.000003E-4;2.0000009E-5;0.12125744;0.30071157;0.4376795;0.037312105;0.12787937;0.17565458;0.17355312;0.010901297;0.36314684;0.48450157;0.45715058;0.008716925;0.05129511;0.06686203;0.05753197;0.0013918583;2.1468641E-4;4.2730122E-4;8.4771897E-4;2.1080297E-5;2.0000004E-4;4.0000005E-4;8.000003E-4;2.0000009E-5;
0;106563;;0.43888617;0.5887116;0.55788404;0.007850748;2.0000004E-4;4.0000005E-4;8.000003E-4;2.0000009E-5;0.09638289;0.38194123;0.4733553;0.038260028;0.092742704;0.13434014;0.12758942;0.0103082685;0.26926845;0.3616659;0.33979702;0.0070787626;0.061148766;0.08219863;0.0752283;0.0016501084;2.0339132E-4;4.0631645E-4;8.1107457E-4;2.0251227E-5;2.0000004E-4;4.0000005E-4;8.000003E-4;2.0000009E-5;
0;107563;;0.3308742;0.44460937;0.42258963;0.006084515;2.0000004E-4;4.0000005E-4;8.000003E-4;2.0000009E-5;0.08552515;0.17273813;0.49530402;0.037802156;0.061483763;0.08478205;0.10034606;0.009878295;0.15413336;0.2066331;0.19289552;0.005035143;0.045099273;0.063597225;0.06270364;0.0014599084;2.0079958E-4;4.0149002E-4;8.0261426E-4;2.0059335E-5;2.0000004E-4;4.0000005E-4;8.000003E-4;2.0000009E-5;
0;108564;;0.25016662;0.33845755;0.3212833;0.004834218;2.0000004E-4;4.0000005E-4;8.000003E-4;2.0000009E-5;0.07850901;0.11231029;0.4603752;0.036674306;0.0495747;0.0668686;0.092520155;0.009708678;0.076431945;0.10156649;0.10009082;0.0037298992;0.04084651;0.054125458;0.05732151;0.0013495901;2.0018948E-4;4.0035305E-4;8.006196E-4;2.0014064E-5;2.0000004E-4;4.0000005E-4;8.000003E-4;2.0000009E-5;
0;109502;;0.20255913;0.26897505;0.25492293;0.0040126615;2.0000004E-4;4.0000005E-4;8.000003E-4;2.0000009E-5;0.081648745;0.12543282;0.5158142;0.03671124;0.03864749;0.04426016;0.08127726;0.0095122345;0.039239258;0.052983653;0.058183145;0.003114888;0.032394532;0.038133796;0.049182497;0.0011951302;2.0004496E-4;4.0008372E-4;8.00147E-4;2.0003336E-5;2.0000004E-4;4.0000005E-4;8.000003E-4;2.0000009E-5;
0;110532;;0.16788764;0.2278918;0.21641992;0.0035239544;2.0000004E-4;4.0000005E-4;8.000003E-4;2.0000009E-5;0.07235038;0.26062286;0.4883721;0.036490496;0.026304096;0.046163026;0.064094916;0.009211237;0.02419386;0.037030075;0.039617315;0.0029636172;0.017740346;0.025948426;0.033152707;9.656743E-4;2.0001068E-4;4.000199E-4;8.000349E-4;2.000079E-5;2.0000004E-4;4.0000005E-4;8.000003E-4;2.0000009E-5;
0;111536;;0.1408573;0.1882256;0.18133484;0.003083197;2.0000004E-4;4.0000005E-4;8.000003E-4;2.0000009E-5;0.11805618;0.19170144;0.5016933;0.036354907;0.03176632;0.035132226;0.06111081;0.009224915;0.02477926;0.027145486;0.037904795;0.002919879;0.021230001;0.028733887;0.03756483;9.644468E-4;2.0000256E-4;4.000047E-4;8.000081E-4;2.0000189E-5;2.0000004E-4;4.0000005E-4;8.000003E-4;2.0000009E-5;
0;112541;;0.11448968;0.15333986;0.14639;0.0026890296;2.0000004E-4;4.0000005E-4;8.000003E-4;2.0000009E-5;0.11282469;0.13348104;0.4605569;0.033096388;0.02484562;0.034704186;0.06900154;0.009238776;0.020160133;0.0218135;0.037658703;0.0029258917;0.019385822;0.025666006;0.04006582;9.741871E-4;2.0000058E-4;4.0000112E-4;8.000019E-4;2.0000043E-5;2.0000004E-4;4.0000005E-4;8.000003E-4;2.0000009E-5;
0;113546;;0.0970423;0.13283259;0.12764958;0.002442134;2.0000004E-4;4.0000005E-4;8.000003E-4;2.0000009E-5;0.04341417;0.060376253;0.22255532;0.02415628;0.023997303;0.026377106;0.0532369;0.009165645;0.020804143;0.014461093;0.028491423;0.002896724;0.017547026;0.017747564;0.02913225;8.687256E-4;2.0000014E-4;4.0000028E-4;8.000005E-4;2.000001E-5;2.0000004E-4;4.0000005E-4;8.000003E-4;2.0000009E-5;
0;114548;;0.09047137;0.12192064;0.11931473;0.0023277109;2.0000004E-4;4.0000005E-4;8.000003E-4;2.0000009E-5;0.026656687;0.03768278;0.18503678;0.0133493515;0.027261859;0.034774244;0.063470595;0.009263542;0.017709438;0.015205214;0.029594855;0.0029210334;0.020608837;0.025462067;0.036491696;9.701848E-4;2.0000004E-4;4.0000005E-4;8.000003E-4;2.0000009E-5;2.0000004E-4;4.0000005E-4;8.000003E-4;2.0000009E-5;
0;115547;;0.08569579;0.11495157;0.11283721;0.0022400455;2.0000004E-4;4.0000005E-4;8.000003E-4;2.0000009E-5;0.012484174;0.015477412;0.112045795;0.0035739678;0.032862153;0.040584236;0.067251354;0.00934694;0.019035347;0.019976383;0.031618264;0.002970835;0.027223026;0.03384152;0.041936833;0.0010668902;2.0000004E-4;4.0000005E-4;8.000003E-4;2.0000009E-5;2.0000004E-4;4.0000005E-4;8.000003E-4;2.0000009E-5;
0;116549;;0.16070084;0.194887;0.1937563;0.0038647705;2.0000004E-4;4.0000005E-4;8.000003E-4;2.0000009E-5;8.109772E-4;0.001222169;0.003488664;8.051534E-5;0.09134793;0.10973238;0.1406924;0.010206367;0.07351997;0.07578586;0.07862959;0.003203826;0.08850671;0.103260666;0.11117605;0.0023285176;2.0000004E-4;4.0000005E-4;8.000003E-4;2.0000009E-5;2.0000004E-4;4.0000005E-4;8.000003E-4;2.0000009E-5;
0;117548;;0.36236876;0.4644654;0.45093405;0.00885098;2.0000004E-4;4.0000005E-4;8.000003E-4;2.0000009E-5;2.7857505E-4;5.212474E-4;0.001114385;2.7346488E-5;0.47442394;0.626204;0.6326769;0.015897345;0.17607239;0.17353892;0.1971778;0.006598652;0.40959376;0.5234377;0.509824;0.009759668;2.0000004E-4;4.0000005E-4;8.000003E-4;2.0000009E-5;2.0000004E-4;4.0000005E-4;8.000003E-4;2.0000009E-5;
0;118750;;0.3409278;0.45399135;0.42522675;0.008868631;2.0000004E-4;4.0000005E-4;8.000003E-4;2.0000009E-5;2.1214205E-4;4.192943E-4;8.479977E-4;2.1131837E-5;0.59854627;0.7970095;0.76688194;0.017331854;0.24385765;0.3174769;0.31971118;0.008487522;0.5797687;0.7666154;0.72589976;0.013407263;2.0000004E-4;4.0000005E-4;8.000003E-4;2.0000009E-5;2.0000004E-4;4.0000005E-4;8.000003E-4;2.0000009E-5;
0;119719;;0.27980343;0.3595382;0.3380745;0.007642205;2.0000004E-4;4.0000005E-4;8.000003E-4;2.0000009E-5;2.028166E-4;4.044965E-4;8.11116E-4;2.0262503E-5;0.48387408;0.64787805;0.6199825;0.015447155;0.3040061;0.3921007;0.37649283;0.008959038;0.48899105;0.6482897;0.609825;0.01179348;2.0000004E-4;4.0000005E-4;8.000003E-4;2.0000009E-5;2.0000004E-4;4.0000005E-4;8.000003E-4;2.0000009E-5;
0;120717;;0.1946859;0.26688138;0.27206078;0.0067084436;2.0000004E-4;4.0000005E-4;8.000003E-4;2.0000009E-5;2.0066481E-4;4.0106248E-4;8.026229E-4;2.0061958E-5;0.36921725;0.49958587;0.4753345;0.013639548;0.29201955;0.39830485;0.37886477;0.008984473;0.37708405;0.51693666;0.48306307;0.010153255;2.0000004E-4;4.0000005E-4;8.000003E-4;2.0000009E-5;2.0000004E-4;4.0000005E-4;8.000003E-4;2.0000009E-5;
0;121717;;0.15291895;0.19142713;0.21421036;0.0062379516;2.0000004E-4;4.0000005E-4;8.000003E-4;2.0000009E-5;2.0015758E-4;4.002519E-4;8.0062164E-4;2.0014686E-5;0.29242367;0.39056337;0.37464073;0.012431687;0.27829412;0.35841924;0.3524295;0.008494806;0.17313729;0.2216731;0.21292616;0.007017624;2.0000004E-4;4.0000005E-4;8.000003E-4;2.0000009E-5;2.0000004E-4;4.0000005E-4;8.000003E-4;2.0000009E-5;
0;122710;;0.119804695;0.19574414;0.22095454;0.005994536;2.0000004E-4;4.0000005E-4;8.000003E-4;2.0000009E-5;2.0003738E-4;4.0005977E-4;8.0014754E-4;2.0003483E-5;0.22455367;0.31127745;0.29830837;0.011520683;0.24785484;0.3508857;0.35382518;0.008451126;0.0013160704;0.0023226265;0.0036992512;9.419498E-5;2.0000004E-4;4.0000005E-4;8.000003E-4;2.0000009E-5;2.0000004E-4;4.0000005E-4;8.000003E-4;2.0000009E-5;
0;123711;;0.17303099;0.34301412;0.3340472;0.006500047;2.0000004E-4;4.0000005E-4;8.000003E-4;2.0000009E-5;2.0000889E-4;4.0001416E-4;8.000349E-4;2.0000829E-5;0.16246814;0.28534922;0.26215884;0.010336441;0.25883588;0.49677294;0.4757478;0.008507035;3.1269353E-4;6.071335E-4;0.0011498061;2.877516E-5;2.0000004E-4;4.0000005E-4;8.000003E-4;2.0000009E-5;2.0000004E-4;4.0000005E-4;8.000003E-4;2.0000009E-5;
0;124712;;0.18260592;0.26152435;0.36426094;0.006147342;2.0000004E-4;4.0000005E-4;8.000003E-4;2.0000009E-5;2.0000212E-4;4.0000337E-4;8.000083E-4;2.0000198E-5;0.08329425;0.11773771;0.20096733;0.009371721;0.20804316;0.29981694;0.4639969;0.0075926054;2.2237372E-4;4.416336E-4;8.718826E-4;2.1798776E-5;2.0000004E-4;4.0000005E-4;8.000003E-4;2.0000009E-5;2.0000004E-4;4.0000005E-4;8.000003E-4;2.0000009E-5;
0;125713;;0.15734717;0.20026365;0.3512137;0.0059196777;2.0000004E-4;4.0000005E-4;8.000003E-4;2.0000009E-5;2.0000052E-4;4.000008E-4;8.000019E-4;2.0000049E-5;0.075837806;0.12430678;0.20589961;0.009211963;0.19605963;0.23122635;0.4654166;0.007092766;2.050966E-4;4.095099E-4;8.1650104E-4;2.0412712E-5;2.0000004E-4;4.0000005E-4;8.000003E-4;2.0000009E-5;2.0000004E-4;4.0000005E-4;8.000003E-4;2.0000009E-5;
0;126712;;0.11205924;0.12619881;0.3254963;0.005832473;2.0000004E-4;4.0000005E-4;8.000003E-4;2.0000009E-5;2.0000013E-4;4.000002E-4;8.000004E-4;2.000001E-5;0.061497916;0.061267976;0.19579412;0.008944924;0.13144416;0.14237486;0.4328384;0.006946724;2.0119786E-4;4.0223656E-4;8.038853E-4;2.0097163E-5;2.0000004E-4;4.0000005E-4;8.000003E-4;2.0000009E-5;2.0000004E-4;4.0000005E-4;8.000003E-4;2.0000009E-5;
0;127742;;0.059959006;0.09111776;0.27908984;0.004940691;2.0000004E-4;4.0000005E-4;8.000003E-4;2.0000009E-5;2.0000004E-4;4.0000005E-4;8.000003E-4;2.0000009E-5;0.045476776;0.052810416;0.17227513;0.008700214;0.07482619;0.10637395;0.3753843;0.0060966294;2.0028361E-4;4.0052962E-4;8.009204E-4;2.0023019E-5;2.0000004E-4;4.0000005E-4;8.000003E-4;2.0000009E-5;2.0000004E-4;4.0000005E-4;8.000003E-4;2.0000009E-5;
0;128747;;0.081001066;0.10129399;0.29020274;0.00515687;2.0000004E-4;4.0000005E-4;8.000003E-4;2.0000009E-5;2.0000004E-4;4.0000005E-4;8.000003E-4;2.0000009E-5;0.051134728;0.05865351;0.18019901;0.008718634;0.093655385;0.11666649;0.39036044;0.0060971635;2.0006728E-4;4.001256E-4;8.002182E-4;2.0005462E-5;2.0000004E-4;4.0000005E-4;8.000003E-4;2.0000009E-5;2.0000004E-4;4.0000005E-4;8.000003E-4;2.0000009E-5;
0;129748;;0.1116958;0.10416091;0.2903788;0.00506824;2.0000004E-4;4.0000005E-4;8.000003E-4;2.0000009E-5;2.0000004E-4;4.0000005E-4;8.000003E-4;2.0000009E-5;0.06335073;0.066098794;0.1770865;0.008628273;0.13134575;0.11327106;0.39064163;0.005912233;2.0001596E-4;4.0002976E-4;8.000518E-4;2.0001295E-5;2.0000004E-4;4.0000005E-4;8.000003E-4;2.0000009E-5;2.0000004E-4;4.0000005E-4;8.000003E-4;2.0000009E-5;
0;130748;;0.07523062;0.10978557;0.25677407;0.005279839;2.0000004E-4;4.0000005E-4;8.000003E-4;2.0000009E-5;2.0000004E-4;4.0000005E-4;8.000003E-4;2.0000009E-5;0.04821169;0.056995384;0.1601443;0.008698722;0.08785943;0.11539664;0.35241765;0.00612189;2.0000381E-4;4.000071E-4;8.000122E-4;2.0000309E-5;2.0000004E-4;4.0000005E-4;8.000003E-4;2.0000009E-5;2.0000004E-4;4.0000005E-4;8.000003E-4;2.0000009E-5;
0;131943;;0.067822404;0.14126343;0.25255415;0.005368435;2.0000004E-4;4.0000005E-4;8.000003E-4;2.0000009E-5;2.0000004E-4;4.0000005E-4;8.000003E-4;2.0000009E-5;0.035164792;0.07667329;0.15895067;0.008688238;0.07628375;0.16102165;0.34592158;0.006267059;2.0000068E-4;4.0000124E-4;8.0000196E-4;2.0000056E-5;2.0000004E-4;4.0000005E-4;8.000003E-4;2.0000009E-5;2.0000004E-4;4.0000005E-4;8.000003E-4;2.0000009E-5;
0;132909;;0.083088346;0.11916334;0.2574298;0.0048176497;2.0000004E-4;4.0000005E-4;8.000003E-4;2.0000009E-5;2.0000004E-4;4.0000005E-4;8.000003E-4;2.0000009E-5;0.048564333;0.06396163;0.16124354;0.008566323;0.08562583;0.12979954;0.35320702;0.0055726157;2.0000014E-4;4.0000028E-4;8.000005E-4;2.000001E-5;2.0000004E-4;4.0000005E-4;8.000003E-4;2.0000009E-5;2.0000004E-4;4.0000005E-4;8.000003E-4;2.0000009E-5;
0;133911;;0.1235639;0.18512593;0.27422994;0.0045853453;2.0000004E-4;4.0000005E-4;8.000003E-4;2.0000009E-5;2.0000004E-4;4.0000005E-4;8.000003E-4;2.0000009E-5;0.088221446;0.11221666;0.18044761;0.008447709;0.15965083;0.22243917;0.38122603;0.005356005;2.0000004E-4;4.0000005E-4;8.000003E-4;2.0000009E-5;2.0000004E-4;4.0000005E-4;8.000003E-4;2.0000009E-5;2.0000004E-4;4.0000005E-4;8.000003E-4;2.0000009E-5;
0;134911;;0.08526039;0.10496405;0.25262657;0.0047510467;2.0000004E-4;4.0000005E-4;8.000003E-4;2.0000009E-5;2.0000004E-4;4.0000005E-4;8.000003E-4;2.0000009E-5;0.061633494;0.06399968;0.16265987;0.008483657;0.08546095;0.1179823;0.34431207;0.005396517;2.0000004E-4;4.0000005E-4;8.000003E-4;2.0000009E-5;2.0000004E-4;4.0000005E-4;8.000003E-4;2.0000009E-5;2.0000004E-4;4.0000005E-4;8.000003E-4;2.0000009E-5;
0;135911;;0.08032915;0.092072755;0.24210715;0.004665817;2.0000004E-4;4.0000005E-4;8.000003E-4;2.0000009E-5;2.0000004E-4;4.0000005E-4;8.000003E-4;2.0000009E-5;0.058312897;0.047940888;0.15739761;0.008536235;0.094870076;0.10525189;0.33374673;0.0054236054;2.0000004E-4;4.0000005E-4;8.000003E-4;2.0000009E-5;2.0000004E-4;4.0000005E-4;8.000003E-4;2.0000009E-5;2.0000004E-4;4.0000005E-4;8.000003E-4;2.0000009E-5;
0;136908;;0.12379663;0.16487099;0.30268937;0.004801087;2.0000004E-4;4.0000005E-4;8.000003E-4;2.0000009E-5;2.0000004E-4;4.0000005E-4;8.000003E-4;2.0000009E-5;0.09691058;0.09404319;0.19581562;0.008559082;0.14973897;0.2041716;0.4116391;0.0055490993;2.0000004E-4;4.0000005E-4;8.000003E-4;2.0000009E-5;2.0000004E-4;4.0000005E-4;8.000003E-4;2.0000009E-5;2.0000004E-4;4.0000005E-4;8.000003E-4;2.0000009E-5;
0;137909;;0.18440636;0.12635808;0.2912281;0.0045804544;2.0000004E-4;4.0000005E-4;8.000003E-4;2.0000009E-5;2.0000004E-4;4.0000005E-4;8.000003E-4;2.0000009E-5;0.12779373;0.07309123;0.19294146;0.008481836;0.2280024;0.1715961;0.41320223;0.0053174254;2.0000004E-4;4.0000005E-4;8.000003E-4;2.0000009E-5;2.0000004E-4;4.0000005E-4;8.000003E-4;2.0000009E-5;2.0000004E-4;4.0000005E-4;8.000003E-4;2.0000009E-5;
0;138883;;0.14794807;0.16750126;0.29033574;0.004863821;2.0000004E-4;4.0000005E-4;8.000003E-4;2.0000009E-5;2.0000004E-4;4.0000005E-4;8.000003E-4;2.0000009E-5;0.09794982;0.101933755;0.18987715;0.008737085;0.17295982;0.21989852;0.40686563;0.0055867173;2.0000004E-4;4.0000005E-4;8.000003E-4;2.0000009E-5;2.0000004E-4;4.0000005E-4;8.000003E-4;2.0000009E-5;2.0000004E-4;4.0000005E-4;8.000003E-4;2.0000009E-5;
0;140119;;0.14022371;0.16506773;0.2822128;0.0046226038;2.0000004E-4;4.0000005E-4;8.000003E-4;2.0000009E-5;2.0000004E-4;4.0000005E-4;8.000003E-4;2.0000009E-5;0.12081918;0.12755117;0.19886838;0.008587921;0.2072423;0.25093636;0.41560957;0.005479602;2.0000004E-4;4.0000005E-4;8.000003E-4;2.0000009E-5;2.0000004E-4;4.0000005E-4;8.000003E-4;2.0000009E-5;2.0000004E-4;4.0000005E-4;8.000003E-4;2.0000009E-5;
0;141085;;0.13028656;0.1919114;0.2927683;0.0046638376;2.0000004E-4;4.0000005E-4;8.000003E-4;2.0000009E-5;2.0000004E-4;4.0000005E-4;8.000003E-4;2.0000009E-5;0.08280708;0.13037424;0.19695614;0.008646277;0.16838844;0.25332096;0.4142829;0.005483227;2.0000004E-4;4.0000005E-4;8.000003E-4;2.0000009E-5;2.0000004E-4;4.0000005E-4;8.000003E-4;2.0000009E-5;2.0000004E-4;4.0000005E-4;8.000003E-4;2.0000009E-5;
0;142143;;0.13198377;0.19110246;0.29625577;0.004810153;2.0000004E-4;4.0000005E-4;8.000003E-4;2.0000009E-5;2.0000004E-4;4.0000005E-4;8.000003E-4;2.0000009E-5;0.08759665;0.13291766;0.19920342;0.0085595315;0.1761534;0.26889965;0.42198503;0.005535515;2.0000004E-4;4.0000005E-4;8.000003E-4;2.0000009E-5;2.0000004E-4;4.0000005E-4;8.000003E-4;2.0000009E-5;2.0000004E-4;4.0000005E-4;8.000003E-4;2.0000009E-5;
0;143146;;0.09586157;0.18216977;0.3248537;0.004822218;2.0000004E-4;4.0000005E-4;8.000003E-4;2.0000009E-5;2.0000004E-4;4.0000005E-4;8.000003E-4;2.0000009E-5;0.06764211;0.12495079;0.2146663;0.008739857;0.13100666;0.24813724;0.45406583;0.0056372406;2.0000004E-4;4.0000005E-4;8.000003E-4;2.0000009E-5;2.0000004E-4;4.0000005E-4;8.000003E-4;2.0000009E-5;2.0000004E-4;4.0000005E-4;8.000003E-4;2.0000009E-5;
0;144086;;0.122072585;0.16535006;0.2954604;0.0044877464;2.0000004E-4;4.0000005E-4;8.000003E-4;2.0000009E-5;2.0000004E-4;4.0000005E-4;8.000003E-4;2.0000009E-5;0.0876556;0.10800852;0.20387857;0.008592238;0.15510724;0.22612195;0.423112;0.0051501635;2.0000004E-4;4.0000005E-4;8.000003E-4;2.0000009E-5;2.0000004E-4;4.0000005E-4;8.000003E-4;2.0000009E-5;2.0000004E-4;4.0000005E-4;8.000003E-4;2.0000009E-5;
0;145086;;0.18633197;0.20350948;0.29740527;0.0045675146;2.0000004E-4;4.0000005E-4;8.000003E-4;2.0000009E-5;2.0000004E-4;4.0000005E-4;8.000003E-4;2.0000009E-5;0.14843561;0.13992698;0.20518027;0.008663261;0.2280238;0.27537003;0.4185911;0.0053130914;2.0000004E-4;4.0000005E-4;8.000003E-4;2.0000009E-5;2.0000004E-4;4.0000005E-4;8.000003E-4;2.0000009E-5;2.0000004E-4;4.0000005E-4;8.000003E-4;2.0000009E-5;
0;146144;;0.19648181;0.2052;0.29227835;0.0049048723;2.0000004E-4;4.0000005E-4;8.000003E-4;2.0000009E-5;2.0000004E-4;4.0000005E-4;8.000003E-4;2.0000009E-5;0.17107348;0.16032779;0.20592777;0.008794649;0.2500489;0.27214682;0.4170663;0.0057396223;2.0000004E-4;4.0000005E-4;8.000003E-4;2.0000009E-5;2.0000004E-4;4.0000005E-4;8.000003E-4;2.0000009E-5;2.0000004E-4;4.0000005E-4;8.000003E-4;2.0000009E-5;
0;147144;;0.17704085;0.2348931;0.30492827;0.004876927;2.0000004E-4;4.0000005E-4;8.000003E-4;2.0000009E-5;2.0000004E-4;4.0000005E-4;8.000003E-4;2.0000009E-5;0.1386599;0.14852303;0.20756507;0.008905861;0.22348508;0.298685;0.4348562;0.00556997;2.0000004E-4;4.0000005E-4;8.000003E-4;2.0000009E-5;2.0000004E-4;4.0000005E-4;8.000003E-4;2.0000009E-5;2.0000004E-4;4.0000005E-4;8.000003E-4;2.0000009E-5;
0;148139;;0.20438501;0.20054865;0.31832817;0.0051852493;2.0000004E-4;4.0000005E-4;8.000003E-4;2.0000009E-5;2.0000004E-4;4.0000005E-4;8.000003E-4;2.0000009E-5;0.15000919;0.13933252;0.20910743;0.009049599;0.25250465;0.2634505;0.44962338;0.0060438225;2.0000004E-4;4.0000005E-4;8.000003E-4;2.0000009E-5;2.0000004E-4;4.0000005E-4;8.000003E-4;2.0000009E-5;2.0000004E-4;4.0000005E-4;8.000003E-4;2.0000009E-5;
0;149141;;0.20486969;0.18935896;0.2939786;0.00535582;2.0000004E-4;4.0000005E-4;8.000003E-4;2.0000009E-5;2.0000004E-4;4.0000005E-4;8.000003E-4;2.0000009E-5;0.15217893;0.13101858;0.19529232;0.009067565;0.26299807;0.25731313;0.42492068;0.006130438;2.0000004E-4;4.0000005E-4;8.000003E-4;2.0000009E-5;2.0000004E-4;4.0000005E-4;8.000003E-4;2.0000009E-5;2.0000004E-4;4.0000005E-4;8.000003E-4;2.0000009E-5;
0;150140;;0.18889229;0.25965583;0.29340258;0.005148802;2.0000004E-4;4.0000005E-4;8.000003E-4;2.0000009E-5;2.0000004E-4;4.0000005E-4;8.000003E-4;2.0000009E-5;0.14798844;0.19528176;0.1956632;0.008878929;0.24980925;0.33460563;0.4226451;0.006019677;2.0000004E-4;4.0000005E-4;8.000003E-4;2.0000009E-5;2.0000004E-4;4.0000005E-4;8.000003E-4;2.0000009E-5;2.0000004E-4;4.0000005E-4;8.000003E-4;2.0000009E-5;
0;151088;;0.20785083;0.25746098;0.32744697;0.0048868363;2.0000004E-4;4.0000005E-4;8.000003E-4;2.0000009E-5;2.0000004E-4;4.0000005E-4;8.000003E-4;2.0000009E-5;0.150059;0.18409114;0.21719474;0.00889677;0.26587954;0.35741705;0.45917654;0.0056302743;2.0000004E-4;4.0000005E-4;8.000003E-4;2.0000009E-5;2.0000004E-4;4.0000005E-4;8.000003E-4;2.0000009E-5;2.0000004E-4;4.0000005E-4;8.000003E-4;2.0000009E-5;
0;152140;;0.13745177;0.21330643;0.2989688;0.005257218;2.0000004E-4;4.0000005E-4;8.000003E-4;2.0000009E-5;2.0000004E-4;4.0000005E-4;8.000003E-4;2.0000009E-5;0.11248653;0.14422213;0.20331205;0.0091485195;0.1877128;0.27040654;0.42613575;0.006094696;2.0000004E-4;4.0000005E-4;8.000003E-4;2.0000009E-5;2.0000004E-4;4.0000005E-4;8.000003E-4;2.0000009E-5;2.0000004E-4;4.0000005E-4;8.000003E-4;2.0000009E-5;
0;153283;;0.17874755;0.36385226;0.27090585;0.00501522;2.0000004E-4;4.0000005E-4;8.000003E-4;2.0000009E-5;2.0000004E-4;4.0000005E-4;8.000003E-4;2.0000009E-5;0.13738827;0.25393465;0.18512218;0.009083714;0.24455015;0.49673042;0.3900591;0.0061658593;2.0000004E-4;4.0000005E-4;8.000003E-4;2.0000009E-5;2.0000004E-4;4.0000005E-4;8.000003E-4;2.0000009E-5;2.0000004E-4;4.0000005E-4;8.000003E-4;2.0000009E-5;
0;154284;;0.21395437;0.28020898;0.30777323;0.00518577;2.0000004E-4;4.0000005E-4;8.000003E-4;2.0000009E-5;2.0000004E-4;4.0000005E-4;8.000003E-4;2.0000009E-5;0.16364291;0.22283928;0.21322113;0.009228706;0.29948646;0.40353346;0.43689334;0.0066812965;2.0000004E-4;4.0000005E-4;8.000003E-4;2.0000009E-5;2.0000004E-4;4.0000005E-4;8.000003E-4;2.0000009E-5;2.0000004E-4;4.0000005E-4;8.000003E-4;2.0000009E-5;
0;155285;;0.16593933;0.40226686;0.30497342;0.0049552955;2.0000004E-4;4.0000005E-4;8.000003E-4;2.0000009E-5;2.0000004E-4;4.0000005E-4;8.000003E-4;2.0000009E-5;0.10971042;0.3199617;0.19080089;0.00899149;0.1979487;0.55955637;0.4034932;0.006477098;2.0000004E-4;4.0000005E-4;8.000003E-4;2.0000009E-5;2.0000004E-4;4.0000005E-4;8.000003E-4;2.0000009E-5;2.0000004E-4;4.0000005E-4;8.000003E-4;2.0000009E-5;
0;156284;;0.17774704;0.33867955;0.30774298;0.0068542855;2.0000004E-4;4.0000005E-4;8.000003E-4;2.0000009E-5;2.0000004E-4;4.0000005E-4;8.000003E-4;2.0000009E-5;0.13103147;0.22425254;0.17880893;0.0090709;0.22381188;0.46821865;0.3915539;0.008226329;2.0000004E-4;4.0000005E-4;8.000003E-4;2.0000009E-5;2.0000004E-4;4.0000005E-4;8.000003E-4;2.0000009E-5;2.0000004E-4;4.0000005E-4;8.000003E-4;2.0000009E-5;
0;157292;;0.24242261;0.44572958;0.28087795;0.0052145044;2.0000004E-4;4.0000005E-4;8.000003E-4;2.0000009E-5;2.0000004E-4;4.0000005E-4;8.000003E-4;2.0000009E-5;0.16072167;0.32952043;0.16370021;0.008868005;0.2567125;0.6401415;0.34829614;0.0068405257;2.0000004E-4;4.0000005E-4;8.000003E-4;2.0000009E-5;2.0000004E-4;4.0000005E-4;8.000003E-4;2.0000009E-5;2.0000004E-4;4.0000005E-4;8.000003E-4;2.0000009E-5;
0;158291;;0.18878488;0.34005395;0.30201256;0.005062754;2.0000004E-4;4.0000005E-4;8.000003E-4;2.0000009E-5;2.0000004E-4;4.0000005E-4;8.000003E-4;2.0000009E-5;0.17005432;0.24238855;0.18886371;0.00909002;0.26556423;0.4695629;0.42736715;0.006830555;2.0000004E-4;4.0000005E-4;8.000003E-4;2.0000009E-5;2.0000004E-4;4.0000005E-4;8.000003E-4;2.0000009E-5;2.0000004E-4;4.0000005E-4;8.000003E-4;2.0000009E-5;
0;159292;;0.17827936;0.3365341;0.28988305;0.0044723707;2.0000004E-4;4.0000005E-4;8.000003E-4;2.0000009E-5;2.0000004E-4;4.0000005E-4;8.000003E-4;2.0000009E-5;0.12911734;0.23225391;0.2012567;0.008721605;0.2238401;0.45218986;0.42623362;0.006502509;2.0000004E-4;4.0000005E-4;8.000003E-4;2.0000009E-5;2.0000004E-4;4.0000005E-4;8.000003E-4;2.0000009E-5;2.0000004E-4;4.0000005E-4;8.000003E-4;2.0000009E-5;
0;160293;;0.17129637;0.2802845;0.29440007;0.006231858;2.0000004E-4;4.0000005E-4;8.000003E-4;2.0000009E-5;2.0000004E-4;4.0000005E-4;8.000003E-4;2.0000009E-5;0.11842846;0.2112541;0.19834799;0.00903767;0.21739519;0.39017138;0.40559274;0.006353295;2.0000004E-4;4.0000005E-4;8.000003E-4;2.0000009E-5;2.0000004E-4;4.0000005E-4;8.000003E-4;2.0000009E-5;2.0000004E-4;4.0000005E-4;8.000003E-4;2.0000009E-5;
0;161293;;0.15637924;0.2887059;0.32997975;0.004871302;2.0000004E-4;4.0000005E-4;8.000003E-4;2.0000009E-5;2.0000004E-4;4.0000005E-4;8.000003E-4;2.0000009E-5;0.13059992;0.20231625;0.2161485;0.008984843;0.2029532;0.38996804;0.45066634;0.0062936344;2.0000004E-4;4.0000005E-4;8.000003E-4;2.0000009E-5;2.0000004E-4;4.0000005E-4;8.000003E-4;2.0000009E-5;2.0000004E-4;4.0000005E-4;8.000003E-4;2.0000009E-5;
0;162286;;0.11632443;0.2079883;0.27759567;0.004727808;2.0000004E-4;4.0000005E-4;8.000003E-4;2.0000009E-5;2.0000004E-4;4.0000005E-4;8.000003E-4;2.0000009E-5;0.07753355;0.1235627;0.18201222;0.008738051;0.13338876;0.275799;0.3708192;0.0057454035;2.0000004E-4;4.0000005E-4;8.000003E-4;2.0000009E-5;2.0000004E-4;4.0000005E-4;8.000003E-4;2.0000009E-5;2.0000004E-4;4.0000005E-4;8.000003E-4;2.0000009E-5;
0;163286;;0.099081956;0.24430427;0.29619923;0.00473846;2.0000004E-4;4.0000005E-4;8.000003E-4;2.0000009E-5;2.0000004E-4;4.0000005E-4;8.000003E-4;2.0000009E-5;0.08231872;0.17179096;0.19648427;0.008830857;0.12306047;0.3276944;0.40130728;0.0055902693;2.0000004E-4;4.0000005E-4;8.000003E-4;2.0000009E-5;2.0000004E-4;4.0000005E-4;8.000003E-4;2.0000009E-5;2.0000004E-4;4.0000005E-4;8.000003E-4;2.0000009E-5;
0;164288;;0.102004156;0.231066;0.31020778;0.005040229;2.0000004E-4;4.0000005E-4;8.000003E-4;2.0000009E-5;2.0000004E-4;4.0000005E-4;8.000003E-4;2.0000009E-5;0.07533288;0.15616441;0.20608869;0.008912233;0.1280541;0.30276084;0.42288923;0.005858487;2.0000004E-4;4.0000005E-4;8.000003E-4;2.0000009E-5;2.0000004E-4;4.0000005E-4;8.000003E-4;2.0000009E-5;2.0000004E-4;4.0000005E-4;8.000003E-4;2.0000009E-5;
0;165288;;0.0908933;0.22619271;0.29995945;0.0047769137;2.0000004E-4;4.0000005E-4;8.000003E-4;2.0000009E-5;2.0000004E-4;4.0000005E-4;8.000003E-4;2.0000009E-5;0.06718367;0.16394532;0.19617994;0.008915549;0.094326265;0.30508536;0.40413;0.005585296;2.0000004E-4;4.0000005E-4;8.000003E-4;2.0000009E-5;2.0000004E-4;4.0000005E-4;8.000003E-4;2.0000009E-5;2.0000004E-4;4.0000005E-4;8.000003E-4;2.0000009E-5;
0;166289;;0.08422288;0.25214228;0.29582012;0.0047978326;2.0000004E-4;4.0000005E-4;8.000003E-4;2.0000009E-5;2.0000004E-4;4.0000005E-4;8.000003E-4;2.0000009E-5;0.06712111;0.18057169;0.19169754;0.0088698305;0.09924111;0.34603924;0.3991822;0.0056628333;2.0000004E-4;4.0000005E-4;8.000003E-4;2.0000009E-5;2.0000004E-4;4.0000005E-4;8.000003E-4;2.0000009E-5;2.0000004E-4;4.0000005E-4;8.000003E-4;2.0000009E-5;
0;167290;;0.06939188;0.21633163;0.27089727;0.004552954;2.0000004E-4;4.0000005E-4;8.000003E-4;2.0000009E-5;2.0000004E-4;4.0000005E-4;8.000003E-4;2.0000009E-5;0.05196353;0.16475132;0.18072121;0.008790373;0.07707765;0.3009558;0.37022233;0.0053615263;2.0000004E-4;4.0000005E-4;8.000003E-4;2.0000009E-5;2.0000004E-4;4.0000005E-4;8.000003E-4;2.0000009E-5;2.0000004E-4;4.0000005E-4;8.000003E-4;2.0000009E-5;
0;168293;;0.08744775;0.23645227;0.28261736;0.004481042;2.0000004E-4;4.0000005E-4;8.000003E-4;2.0000009E-5;2.0000004E-4;4.0000005E-4;8.000003E-4;2.0000009E-5;0.06011962;0.16804795;0.18176572;0.008752078;0.096796356;0.3257151;0.38299078;0.005147524;2.0000004E-4;4.0000005E-4;8.000003E-4;2.0000009E-5;2.0000004E-4;4.0000005E-4;8.000003E-4;2.0000009E-5;2.0000004E-4;4.0000005E-4;8.000003E-4;2.0000009E-5;
0;169293;;0.060892265;0.21271391;0.2511308;0.0045997757;2.0000004E-4;4.0000005E-4;8.000003E-4;2.0000009E-5;2.0000004E-4;4.0000005E-4;8.000003E-4;2.0000009E-5;0.046311866;0.15431894;0.17006509;0.008689659;0.06665857;0.2934724;0.34512755;0.0053413697;2.0000004E-4;4.0000005E-4;8.000003E-4;2.0000009E-5;2.0000004E-4;4.0000005E-4;8.000003E-4;2.0000009E-5;2.0000004E-4;4.0000005E-4;8.000003E-4;2.0000009E-5;
0;170293;;0.091832444;0.2172678;0.25469488;0.004627965;2.0000004E-4;4.0000005E-4;8.000003E-4;2.0000009E-5;2.0000004E-4;4.0000005E-4;8.000003E-4;2.0000009E-5;0.07635004;0.1536996;0.17260346;0.008800281;0.104011446;0.29362407;0.34639564;0.0054123336;2.0000004E-4;4.0000005E-4;8.000003E-4;2.0000009E-5;2.0000004E-4;4.0000005E-4;8.000003E-4;2.0000009E-5;2.0000004E-4;4.0000005E-4;8.000003E-4;2.0000009E-5;
0;171494;;0.10772401;0.2175881;0.27818415;0.0046838205;2.0000004E-4;4.0000005E-4;8.000003E-4;2.0000009E-5;2.0000004E-4;4.0000005E-4;8.000003E-4;2.0000009E-5;0.08427614;0.17150497;0.18491323;0.008805252;0.13176341;0.3028935;0.37193817;0.0053974725;2.0000004E-4;4.0000005E-4;8.000003E-4;2.0000009E-5;2.0000004E-4;4.0000005E-4;8.000003E-4;2.0000009E-5;2.0000004E-4;4.0000005E-4;8.000003E-4;2.0000009E-5;
0;172488;;0.15519327;0.25308985;0.22310665;0.0049176095;2.0000004E-4;4.0000005E-4;8.000003E-4;2.0000009E-5;2.0000004E-4;4.0000005E-4;8.000003E-4;2.0000009E-5;0.113683805;0.19132134;0.15134373;0.008746919;0.16727714;0.355367;0.30210042;0.005385164;2.0000004E-4;4.0000005E-4;8.000003E-4;2.0000009E-5;2.0000004E-4;4.0000005E-4;8.000003E-4;2.0000009E-5;2.0000004E-4;4.0000005E-4;8.000003E-4;2.0000009E-5;
0;173493;;0.14458261;0.24900535;0.2953444;0.0048765144;2.0000004E-4;4.0000005E-4;8.000003E-4;2.0000009E-5;2.0000004E-4;4.0000005E-4;8.000003E-4;2.0000009E-5;0.15406564;0.2256331;0.20565334;0.009038573;0.20279203;0.33224416;0.3866414;0.0056596026;2.0000004E-4;4.0000005E-4;8.000003E-4;2.0000009E-5;